# Components (V)
1 2 3 4 5 6 7 8 9 10 11 12 13 14 15 16 17 18 19 20 21 22

# Precedence arcs (E)
1 7
2 7
3 7
4 8
5 8
6 8
7 9
7 11
8 10
10 12
9 13
9 15
10 14
11 15
12 15
12 16
14 16
13 17
15 18
16 18
17 18
17 19
19 20
18 20
20 21
20 22

# Target components (T)
20

# Revenues (r)
1 2
2 2
3 3
4 2
5 3
6 2
7 20
8 18
9 5
10 2
11 45
12 60
13 2
14 30
15 2
16 65
17 12
18 80
19 100
20 100
21 35
22 40

# Costs (c)
1 1
2 1
3 1
4 1
5 1
6 1
7 4
8 3
9 1
10 5
11 6
12 7
13 2
14 4
15 8
16 7
17 2
18 9
19 10
20 8
21 5
22 6

# Durations (p)
1 50
2 50
3 50
4 50
5 50
6 50
7 90
8 85
9 60
10 100
11 110
12 120
13 65
14 95
15 130
16 125
17 70
18 140
19 150
20 130
21 100
22 110

orderrules
1 7 g01 avant g07
2 7 g02 avant g07
3 7 g03 avant g07
4 8 g04 avant g08
5 8 g05 avant g08
6 8 g06 avant g08
7 9 g07 avant g09
7 11 g07 avant g11
8 10 g08 avant g10
10 12 g10 avant g12
9 13 g09 avant g13
9 15 g09 avant g15
10 14 g10 avant g14
11 15 g11 avant g15
12 15 g12 avant g15
12 16 g12 avant g16
14 16 g14 avant g16
13 17 g13 avant g17
15 18 g15 avant g18
16 18 g16 avant g18
17 18 g17 avant g18
17 19 g17 avant g19
19 20 g19 avant g20
18 20 g18 avant g20
20 21 g20 avant g21
20 22 g20 avant g22