# Components (V)
1 2 3 4 5 6 7 8 9 10 11 12 13 14 15 16 17 18 19 20

# Precedence arcs (E)
1 5
1 6
2 5
3 4
4 14
5 7
5 8
5 9
7 10
7 11
8 12
8 13
10 14
11 14
12 14
13 15
14 16
14 17
14 18
14 19
14 20

# Target components (T)
19 9

# Revenues (r)
1 28
2 25
3 30
4 26
5 28
6 24
7 23
8 24
9 20
10 27
11 27
12 23
13 24
14 24
15 25
16 22
17 25
18 22
19 29
20 29

# Costs (c)
1 6
2 9
3 3
4 9
5 10
6 7
7 8
8 6
9 2
10 5
11 9
12 8
13 3
14 4
15 9
16 8
17 8
18 9
19 2
20 4

# Durations (p)
1 471
2 570
3 335
4 590
5 564
6 599
7 494
8 547
9 714
10 524
11 646
12 564
13 314
14 372
15 653
16 732
17 471
18 281
19 381
20 638

orderrules
1 5 au000 avant au004
1 6 au000 avant au005
2 5 au001 avant au004
3 4 au002 avant au003
4 14 au003 avant au013
5 7 au004 avant au006
5 8 au004 avant au007
5 9 au004 avant au008
7 10 au006 avant au009
7 11 au006 avant au010
8 12 au007 avant au011
8 13 au007 avant au012
10 14 au009 avant au013
11 14 au010 avant au013
12 14 au011 avant au013
13 15 au012 avant au014
14 16 au013 avant au015
14 17 au013 avant au016
14 18 au013 avant au017
14 19 au013 avant au018
14 20 au013 avant au019
