# Components (V)
1 2 3 4 5 6 7 8 9 10 11 12 13 14 15 16 17 18 19 20 21 22 23 24 25 26 27 28 29 30 31 32 33 34 35 36 37 38 39 40 41 42 43 44 45 46 47 48 49 50 51 52 53 54 55 56 57 58 59 60 61 62 63 64 65 66 67 68 69 70 71 72 73 74 75 76 77 78 79 80 81 82 83 84 85 86 87 88 89 90 91 92 93 94 95 96 97 98 99 100 101 102 103 104 105 106 107 108 109 110 111 112 113 114 115 116 117 118 119 120 121 122 123 124 125 126 127 128 129 130 131 132 133 134 135 136 137 138 139 140 141 142 143 144 145 146 147 148 149 150 151 152 153 154 155 156 157 158 159 160 161 162 163 164 165 166 167 168 169 170 171 172 173 174 175 176 177 178 179 180 181 182 183 184 185 186 187 188 189 190 191 192 193 194 195 196 197 198 199 200 201 202 203 204 205 206 207 208 209 210 211 212 213 214 215 216 217 218 219 220 221 222 223 224 225 226 227 228 229 230 231 232 233 234 235 236 237 238 239 240 241 242 243 244 245 246 247 248 249 250 251 252 253 254 255 256 257 258 259 260 261 262 263 264 265 266 267 268 269 270 271 272 273 274 275 276 277 278 279 280 281 282 283 284 285 286 287 288 289 290 291 292 293 294 295 296 297 298 299 300 301 302 303 304 305 306 307 308 309 310 311 312 313 314 315 316 317 318 319 320 321 322 323 324 325 326 327 328 329 330 331 332 333 334 335 336 337 338 339 340 341 342 343 344 345 346 347 348 349 350 351 352 353 354 355 356 357 358 359 360 361 362 363 364 365 366 367 368 369 370 371 372 373 374 375 376 377 378 379 380 381 382 383 384 385 386 387 388 389 390 391 392 393 394 395 396 397 398 399 400 401 402 403 404 405 406 407 408 409 410 411 412 413 414 415 416 417 418 419 420 421 422 423 424 425 426 427 428 429 430 431 432 433 434 435 436 437 438 439 440 441 442 443 444 445 446 447 448 449 450 451 452 453 454 455 456 457 458 459 460 461 462 463 464 465 466 467 468 469 470 471 472 473 474 475 476 477 478 479 480 481 482 483 484 485 486 487 488 489 490 491 492 493 494 495 496 497 498 499 500 501 502 503 504 505 506 507 508 509 510 511 512 513 514 515 516 517 518 519 520 521 522 523 524 525 526 527 528 529 530 531 532 533 534 535 536 537 538 539 540 541 542 543 544 545 546 547 548 549 550 551 552 553 554 555 556 557 558 559 560 561 562 563 564 565 566 567 568 569 570 571 572 573 574 575 576 577 578 579 580 581 582 583 584 585 586 587 588 589 590 591 592 593 594 595 596 597 598 599 600 601 602 603 604 605 606 607 608 609 610 611 612 613 614 615 616 617 618 619 620 621 622 623 624 625 626 627 628 629 630 631 632 633 634 635 636 637 638 639 640 641 642 643 644 645 646 647 648 649 650 651 652 653 654 655 656 657 658 659 660 661 662 663 664 665 666 667 668 669 670 671 672 673 674 675 676 677 678 679 680 681 682 683 684 685 686 687 688 689 690 691 692 693 694 695 696 697 698 699 700 701 702 703 704 705 706 707 708 709 710 711 712 713 714 715 716 717 718 719 720 721 722 723 724 725 726 727 728 729 730 731 732 733 734 735 736 737 738 739 740 741 742 743 744 745 746 747 748 749 750 751 752 753 754 755 756 757 758 759 760 761 762 763 764 765 766 767 768 769 770 771 772 773 774 775 776 777 778 779 780

# Precedence arcs (E)
1 153
2 153
3 153
4 226
5 63
6 63
7 257
8 308
9 158
11 24
11 27
11 34
12 30
13 39
14 40
15 33
17 25
17 32
18 36
18 38
19 23
19 26
20 31
20 35
20 37
21 28
22 29
23 153
24 226
25 63
26 63
27 63
28 63
29 257
30 158
31 52
32 45
32 60
33 42
33 49
33 53
33 54
33 99
34 41
34 51
34 59
35 57
36 43
37 46
37 48
37 56
38 47
38 50
38 58
39 44
39 55
40 580
41 226
42 226
43 63
44 257
45 631
46 62
47 61
47 65
47 76
49 69
53 66
53 74
54 73
55 71
56 67
57 72
59 68
59 70
59 240
60 64
60 75
61 153
62 153
63 78
63 79
63 80
63 81
63 82
63 83
64 158
65 158
67 90
68 88
68 92
68 95
68 96
69 91
70 86
70 98
71 84
71 93
71 94
72 87
72 97
73 85
75 77
76 89
77 153
78 101
78 109
80 111
81 112
81 116
81 320
85 102
86 117
87 103
89 115
89 162
90 104
90 105
90 106
92 113
94 100
94 110
94 114
97 107
98 99
98 108
99 153
100 436
101 158
102 551
103 128
103 129
104 124
104 125
106 120
106 127
109 119
109 131
110 118
111 121
111 130
112 122
114 379
115 123
115 422
117 126
118 153
119 226
120 458
121 158
122 141
122 143
123 133
123 138
123 142
123 145
124 151
125 134
125 150
126 132
126 136
126 139
126 152
127 148
127 149
129 137
129 147
130 146
131 135
131 140
131 144
132 153
133 226
134 744
135 630
136 308
137 158
138 158
139 168
141 155
141 161
144 154
144 164
145 156
145 159
146 163
147 162
147 166
148 160
149 157
151 167
152 165
153 169
153 170
153 171
153 172
153 173
153 174
153 187
154 226
155 630
156 436
157 436
158 175
158 176
158 177
158 178
158 179
158 180
158 186
159 181
161 390
162 184
162 185
163 182
163 183
167 188
169 191
169 193
169 201
172 199
172 208
172 209
174 197
174 557
177 401
178 200
179 206
179 207
181 189
181 194
181 302
182 190
183 196
184 192
185 195
186 527
187 198
187 202
187 203
188 204
188 205
189 226
190 308
191 631
192 631
193 614
197 220
197 223
198 210
200 215
201 213
201 219
202 217
202 221
203 225
204 224
205 216
205 222
206 212
207 214
209 211
209 218
210 226
211 308
212 436
213 230
213 231
213 232
213 238
213 247
213 521
216 240
216 243
217 242
218 244
219 227
220 234
220 236
222 229
222 233
222 235
222 237
222 239
222 241
223 246
223 248
225 228
225 245
225 337
226 249
226 250
226 251
226 252
226 253
226 254
226 255
226 256
226 386
227 257
228 728
229 631
230 261
230 267
231 258
233 270
234 263
234 269
239 262
239 265
240 259
241 266
242 264
243 271
245 629
246 458
248 260
248 268
249 744
251 282
252 278
252 284
254 279
255 283
257 272
257 273
257 274
257 275
257 276
257 285
258 458
259 287
264 288
265 286
265 583
266 280
267 361
269 281
269 289
269 400
270 277
271 319
272 436
273 458
274 294
274 299
275 290
275 291
278 301
279 511
280 296
280 305
281 300
282 293
282 295
285 297
286 302
287 292
288 303
288 306
289 298
289 304
290 308
291 458
292 631
293 319
295 310
296 313
297 311
297 322
298 309
298 314
298 318
299 770
301 312
301 321
301 460
302 315
303 645
304 320
305 316
305 317
306 307
307 744
308 324
308 325
308 326
308 327
308 328
309 332
309 338
311 323
311 330
312 331
312 336
312 752
313 333
314 329
316 339
316 341
321 568
322 334
322 335
322 337
322 340
323 744
325 352
326 346
327 342
328 347
329 458
330 344
331 348
333 343
333 351
333 357
334 349
335 353
339 345
339 355
339 356
340 350
341 354
342 458
343 358
345 366
345 372
345 374
346 377
350 360
350 363
350 367
350 369
350 370
350 375
351 364
353 359
353 715
354 365
354 376
355 371
355 373
356 361
357 362
357 368
359 614
360 386
360 390
362 380
362 383
362 391
363 379
364 378
364 393
368 382
368 384
368 385
370 387
370 389
372 687
373 396
374 381
374 392
374 394
375 395
376 388
378 630
379 549
380 402
381 414
382 408
383 399
385 412
386 397
386 413
387 410
388 406
389 400
389 411
391 398
391 404
391 405
391 409
394 401
396 403
396 407
397 728
399 423
401 421
402 417
402 420
402 430
403 415
404 428
405 419
406 427
406 434
407 425
407 431
407 433
408 418
408 643
410 432
413 426
413 429
414 416
414 422
414 424
415 744
416 630
417 436
418 436
419 614
420 441
420 443
422 442
425 438
426 446
427 448
427 452
427 453
428 444
428 450
429 439
429 447
429 451
432 435
432 440
433 437
433 445
433 449
435 744
436 454
436 455
436 456
436 457
437 458
439 462
439 470
440 465
440 704
441 460
442 464
442 466
442 469
443 472
444 463
447 459
449 468
450 461
453 467
453 471
456 493
457 485
458 474
458 475
458 476
458 477
458 478
458 479
458 480
458 481
458 486
458 492
461 494
463 482
464 483
464 489
466 490
466 495
467 488
468 484
469 487
470 473
471 491
471 605
473 549
474 498
474 503
475 504
476 502
477 505
478 501
479 496
479 506
480 511
483 500
486 507
489 499
490 512
492 510
495 497
495 508
495 509
496 549
500 521
500 527
501 599
502 522
507 516
507 518
507 520
507 525
507 526
508 523
509 514
509 517
510 519
511 513
511 524
512 515
513 630
514 534
515 536
515 542
515 543
516 528
517 538
518 529
518 531
518 548
519 547
520 541
521 532
521 533
522 530
522 537
522 540
523 546
524 544
525 535
526 539
526 545
528 549
529 549
530 614
531 550
531 563
532 555
532 557
532 560
533 559
533 772
535 562
536 552
536 558
536 566
536 629
537 554
537 561
540 556
542 567
543 564
544 568
545 551
545 553
548 565
549 569
549 570
549 571
549 572
549 573
549 574
549 575
549 576
549 577
549 588
550 590
552 578
553 580
553 584
553 587
554 581
556 588
558 582
559 586
561 583
561 585
562 589
565 591
566 579
569 598
570 592
571 593
572 600
574 602
574 606
576 595
577 604
579 601
582 607
583 599
583 603
583 610
585 605
586 594
586 608
586 609
588 596
590 597
592 614
593 614
594 611
594 615
595 622
598 625
598 678
599 619
600 612
601 613
603 623
603 626
603 627
603 709
604 629
605 621
605 628
607 617
608 620
608 624
610 616
610 618
611 630
612 728
613 631
614 632
614 633
614 634
614 635
614 636
614 637
615 652
616 647
617 641
617 653
619 639
619 644
619 648
619 650
620 646
621 638
622 642
622 643
624 645
625 640
628 649
629 651
630 656
630 657
630 658
630 659
630 660
630 661
630 662
630 663
630 664
630 665
630 666
630 667
630 668
630 669
630 686
631 670
631 671
631 672
631 673
631 674
631 675
631 676
631 677
633 655
640 654
640 679
640 684
641 681
641 685
642 687
644 678
644 682
646 683
649 680
650 688
657 698
657 704
658 693
659 689
661 707
667 706
669 694
669 701
670 691
671 705
674 692
674 696
674 697
677 695
677 702
683 700
683 703
684 699
685 690
690 728
691 720
691 723
692 715
695 710
695 713
696 716
697 721
698 724
699 714
699 718
700 719
700 726
701 725
703 711
704 717
705 708
705 712
705 722
707 709
708 728
709 743
710 729
710 740
713 741
714 727
715 730
715 733
715 739
716 735
716 737
722 731
723 732
723 736
723 738
726 734
726 742
727 744
728 745
728 746
728 747
728 748
728 758
728 762
731 752
732 750
734 751
734 754
734 755
734 760
735 756
737 749
737 757
738 753
739 759
742 761
744 763
744 764
744 765
744 766
744 767
744 768
744 769
745 775
746 773
748 777
748 779
749 772
753 774
756 778
756 780
758 770
758 776
760 771

# Target components (T)
384 759

# Revenues (r)
1 21
2 23
3 21
4 25
5 25
6 30
7 26
8 26
9 27
10 30
11 24
12 22
13 27
14 25
15 22
16 22
17 30
18 24
19 30
20 29
21 24
22 22
23 29
24 21
25 30
26 22
27 21
28 27
29 20
30 28
31 29
32 23
33 20
34 20
35 24
36 27
37 30
38 24
39 22
40 20
41 29
42 20
43 27
44 22
45 29
46 20
47 21
48 27
49 24
50 30
51 26
52 29
53 27
54 28
55 24
56 20
57 20
58 27
59 25
60 23
61 26
62 27
63 27
64 21
65 21
66 29
67 26
68 24
69 20
70 30
71 24
72 23
73 25
74 23
75 30
76 21
77 30
78 27
79 20
80 23
81 28
82 26
83 22
84 21
85 23
86 22
87 21
88 30
89 30
90 21
91 24
92 27
93 23
94 30
95 23
96 27
97 29
98 23
99 30
100 22
101 21
102 28
103 26
104 28
105 29
106 29
107 27
108 27
109 20
110 25
111 23
112 21
113 25
114 22
115 25
116 23
117 27
118 30
119 30
120 22
121 26
122 29
123 24
124 26
125 22
126 23
127 20
128 21
129 28
130 25
131 29
132 23
133 29
134 28
135 30
136 20
137 29
138 30
139 25
140 24
141 23
142 29
143 22
144 26
145 27
146 27
147 20
148 22
149 20
150 30
151 24
152 20
153 20
154 20
155 24
156 24
157 20
158 25
159 23
160 21
161 22
162 23
163 23
164 22
165 25
166 30
167 25
168 22
169 27
170 29
171 22
172 23
173 27
174 28
175 22
176 21
177 26
178 20
179 23
180 23
181 20
182 25
183 27
184 20
185 22
186 23
187 22
188 26
189 23
190 25
191 28
192 29
193 26
194 25
195 25
196 22
197 30
198 21
199 22
200 30
201 22
202 26
203 29
204 23
205 27
206 26
207 23
208 25
209 28
210 29
211 30
212 24
213 21
214 30
215 29
216 28
217 28
218 29
219 27
220 29
221 20
222 30
223 26
224 28
225 25
226 22
227 20
228 26
229 23
230 21
231 29
232 26
233 20
234 26
235 23
236 30
237 28
238 28
239 25
240 23
241 24
242 21
243 20
244 27
245 27
246 22
247 30
248 24
249 27
250 21
251 23
252 20
253 29
254 20
255 20
256 28
257 25
258 22
259 20
260 21
261 28
262 21
263 23
264 26
265 30
266 27
267 29
268 25
269 24
270 25
271 21
272 20
273 28
274 24
275 30
276 24
277 20
278 23
279 24
280 23
281 26
282 22
283 21
284 27
285 27
286 28
287 29
288 25
289 23
290 20
291 21
292 21
293 23
294 23
295 22
296 23
297 22
298 25
299 20
300 25
301 28
302 27
303 22
304 24
305 28
306 24
307 22
308 30
309 26
310 29
311 20
312 28
313 26
314 28
315 28
316 28
317 25
318 23
319 28
320 26
321 23
322 24
323 21
324 30
325 20
326 21
327 27
328 26
329 20
330 20
331 26
332 29
333 25
334 20
335 30
336 28
337 24
338 28
339 23
340 24
341 21
342 30
343 21
344 27
345 25
346 29
347 27
348 25
349 26
350 25
351 25
352 30
353 26
354 29
355 28
356 28
357 25
358 29
359 27
360 26
361 24
362 25
363 30
364 24
365 22
366 21
367 20
368 27
369 27
370 21
371 24
372 28
373 24
374 27
375 27
376 28
377 25
378 21
379 25
380 21
381 26
382 22
383 24
384 25
385 21
386 23
387 25
388 22
389 20
390 29
391 27
392 29
393 24
394 25
395 27
396 30
397 23
398 22
399 25
400 28
401 30
402 28
403 28
404 28
405 24
406 26
407 22
408 25
409 26
410 29
411 27
412 25
413 20
414 25
415 24
416 29
417 27
418 25
419 20
420 26
421 20
422 20
423 21
424 20
425 23
426 22
427 30
428 24
429 28
430 25
431 30
432 29
433 29
434 26
435 27
436 27
437 23
438 21
439 24
440 26
441 30
442 21
443 22
444 28
445 24
446 20
447 27
448 23
449 25
450 21
451 29
452 24
453 25
454 27
455 21
456 27
457 22
458 23
459 27
460 20
461 29
462 25
463 24
464 22
465 21
466 24
467 23
468 25
469 26
470 29
471 29
472 26
473 23
474 20
475 24
476 23
477 28
478 27
479 27
480 30
481 20
482 21
483 30
484 29
485 28
486 25
487 28
488 20
489 27
490 26
491 24
492 21
493 24
494 20
495 23
496 27
497 30
498 29
499 29
500 28
501 29
502 29
503 20
504 29
505 21
506 30
507 22
508 25
509 23
510 28
511 22
512 27
513 24
514 20
515 26
516 22
517 29
518 27
519 27
520 27
521 26
522 27
523 27
524 20
525 24
526 21
527 29
528 24
529 28
530 24
531 23
532 20
533 26
534 20
535 29
536 28
537 20
538 25
539 25
540 26
541 29
542 23
543 22
544 21
545 21
546 26
547 28
548 27
549 22
550 26
551 21
552 27
553 26
554 20
555 26
556 28
557 30
558 24
559 20
560 21
561 25
562 25
563 26
564 30
565 30
566 20
567 25
568 30
569 25
570 29
571 25
572 25
573 20
574 25
575 29
576 28
577 29
578 26
579 29
580 26
581 22
582 27
583 23
584 25
585 23
586 24
587 20
588 25
589 28
590 29
591 28
592 24
593 28
594 27
595 28
596 25
597 25
598 30
599 30
600 25
601 21
602 26
603 21
604 27
605 25
606 24
607 30
608 21
609 21
610 28
611 22
612 21
613 22
614 25
615 25
616 20
617 22
618 27
619 21
620 25
621 24
622 23
623 24
624 27
625 21
626 29
627 28
628 22
629 20
630 22
631 22
632 27
633 21
634 21
635 21
636 20
637 23
638 27
639 20
640 21
641 22
642 30
643 26
644 28
645 29
646 20
647 28
648 28
649 29
650 29
651 29
652 29
653 30
654 29
655 27
656 23
657 22
658 24
659 26
660 26
661 21
662 22
663 21
664 28
665 27
666 26
667 26
668 21
669 21
670 30
671 27
672 23
673 30
674 22
675 21
676 24
677 27
678 24
679 30
680 27
681 26
682 24
683 25
684 30
685 25
686 21
687 27
688 26
689 30
690 20
691 21
692 23
693 28
694 20
695 24
696 26
697 20
698 24
699 24
700 28
701 24
702 28
703 28
704 29
705 22
706 20
707 28
708 26
709 25
710 29
711 23
712 29
713 23
714 28
715 26
716 24
717 27
718 30
719 24
720 20
721 25
722 25
723 27
724 28
725 21
726 30
727 22
728 29
729 20
730 29
731 29
732 22
733 30
734 23
735 28
736 27
737 24
738 22
739 28
740 25
741 30
742 20
743 30
744 28
745 22
746 22
747 26
748 26
749 24
750 27
751 29
752 20
753 20
754 27
755 23
756 28
757 27
758 30
759 24
760 27
761 26
762 20
763 28
764 22
765 22
766 28
767 21
768 20
769 28
770 30
771 27
772 28
773 29
774 29
775 25
776 30
777 24
778 23
779 29
780 24

# Costs (c)
1 6
2 1
3 4
4 3
5 6
6 8
7 10
8 5
9 8
10 6
11 9
12 6
13 4
14 3
15 7
16 7
17 4
18 6
19 8
20 9
21 2
22 7
23 5
24 4
25 7
26 6
27 2
28 8
29 3
30 10
31 7
32 10
33 9
34 10
35 9
36 7
37 6
38 1
39 10
40 1
41 10
42 2
43 4
44 9
45 6
46 5
47 10
48 4
49 3
50 3
51 4
52 6
53 2
54 10
55 3
56 5
57 8
58 4
59 5
60 3
61 7
62 8
63 7
64 6
65 10
66 1
67 1
68 10
69 3
70 5
71 6
72 6
73 10
74 6
75 8
76 7
77 5
78 1
79 5
80 4
81 1
82 10
83 10
84 10
85 5
86 3
87 4
88 1
89 6
90 3
91 6
92 2
93 5
94 10
95 7
96 6
97 9
98 7
99 1
100 8
101 4
102 1
103 5
104 8
105 4
106 6
107 4
108 6
109 9
110 10
111 9
112 8
113 9
114 6
115 4
116 10
117 1
118 5
119 10
120 3
121 7
122 10
123 4
124 3
125 7
126 10
127 2
128 3
129 3
130 2
131 7
132 8
133 3
134 6
135 10
136 9
137 8
138 2
139 9
140 3
141 4
142 5
143 6
144 1
145 10
146 2
147 10
148 5
149 1
150 3
151 8
152 1
153 7
154 7
155 9
156 6
157 4
158 9
159 1
160 10
161 3
162 7
163 3
164 2
165 2
166 3
167 1
168 1
169 8
170 10
171 5
172 9
173 7
174 2
175 5
176 6
177 9
178 7
179 10
180 9
181 9
182 7
183 9
184 1
185 4
186 6
187 1
188 3
189 10
190 4
191 9
192 7
193 7
194 5
195 10
196 2
197 3
198 9
199 3
200 10
201 5
202 5
203 10
204 4
205 10
206 2
207 4
208 5
209 2
210 3
211 3
212 9
213 4
214 1
215 4
216 9
217 3
218 2
219 7
220 5
221 9
222 2
223 3
224 9
225 9
226 6
227 4
228 3
229 8
230 1
231 10
232 9
233 10
234 10
235 5
236 7
237 4
238 2
239 6
240 7
241 2
242 6
243 3
244 4
245 3
246 2
247 10
248 1
249 5
250 1
251 10
252 5
253 2
254 8
255 4
256 1
257 9
258 7
259 6
260 6
261 3
262 9
263 1
264 5
265 2
266 5
267 9
268 5
269 3
270 2
271 7
272 9
273 10
274 5
275 2
276 10
277 5
278 6
279 7
280 10
281 4
282 10
283 2
284 8
285 5
286 7
287 8
288 8
289 5
290 10
291 6
292 9
293 4
294 8
295 1
296 6
297 9
298 6
299 6
300 8
301 9
302 8
303 7
304 7
305 10
306 3
307 8
308 7
309 8
310 4
311 2
312 8
313 9
314 4
315 4
316 7
317 7
318 1
319 10
320 9
321 7
322 6
323 3
324 4
325 10
326 10
327 3
328 1
329 6
330 4
331 6
332 6
333 9
334 10
335 6
336 4
337 7
338 5
339 8
340 10
341 4
342 9
343 1
344 3
345 2
346 1
347 8
348 5
349 1
350 1
351 9
352 2
353 10
354 4
355 8
356 7
357 9
358 4
359 4
360 9
361 4
362 10
363 5
364 2
365 4
366 4
367 3
368 7
369 4
370 9
371 1
372 8
373 3
374 3
375 8
376 10
377 10
378 9
379 3
380 8
381 5
382 1
383 1
384 7
385 5
386 6
387 10
388 7
389 3
390 4
391 10
392 4
393 7
394 5
395 8
396 1
397 9
398 2
399 9
400 2
401 7
402 2
403 3
404 4
405 5
406 10
407 7
408 3
409 9
410 2
411 1
412 8
413 5
414 4
415 2
416 1
417 3
418 2
419 7
420 3
421 8
422 6
423 9
424 6
425 10
426 7
427 2
428 8
429 5
430 10
431 4
432 3
433 9
434 10
435 10
436 7
437 10
438 7
439 8
440 10
441 1
442 5
443 1
444 5
445 1
446 8
447 6
448 10
449 10
450 2
451 7
452 7
453 2
454 4
455 10
456 7
457 7
458 3
459 7
460 6
461 8
462 3
463 9
464 7
465 3
466 3
467 2
468 1
469 1
470 10
471 3
472 7
473 3
474 6
475 2
476 7
477 6
478 6
479 2
480 7
481 5
482 8
483 10
484 1
485 9
486 3
487 3
488 10
489 2
490 10
491 4
492 4
493 7
494 5
495 8
496 1
497 6
498 10
499 9
500 9
501 7
502 6
503 5
504 7
505 1
506 5
507 1
508 1
509 10
510 3
511 9
512 5
513 5
514 7
515 6
516 6
517 5
518 1
519 8
520 2
521 3
522 4
523 10
524 4
525 7
526 3
527 3
528 4
529 4
530 8
531 5
532 6
533 6
534 9
535 9
536 6
537 10
538 10
539 3
540 2
541 6
542 1
543 4
544 4
545 5
546 2
547 10
548 7
549 3
550 4
551 4
552 4
553 1
554 10
555 5
556 8
557 8
558 9
559 1
560 2
561 1
562 7
563 6
564 1
565 2
566 8
567 5
568 8
569 6
570 5
571 10
572 7
573 8
574 5
575 4
576 3
577 9
578 10
579 3
580 3
581 10
582 1
583 5
584 3
585 6
586 3
587 7
588 3
589 8
590 3
591 5
592 7
593 2
594 10
595 9
596 9
597 4
598 2
599 6
600 3
601 5
602 8
603 5
604 1
605 4
606 5
607 3
608 2
609 7
610 5
611 3
612 5
613 2
614 3
615 9
616 7
617 4
618 8
619 6
620 5
621 2
622 1
623 9
624 1
625 9
626 8
627 2
628 6
629 10
630 3
631 9
632 6
633 5
634 9
635 8
636 6
637 7
638 1
639 10
640 5
641 10
642 7
643 3
644 8
645 1
646 7
647 8
648 10
649 8
650 5
651 6
652 1
653 5
654 7
655 7
656 2
657 2
658 2
659 10
660 10
661 3
662 2
663 4
664 4
665 7
666 7
667 4
668 7
669 3
670 1
671 4
672 10
673 4
674 7
675 9
676 9
677 3
678 1
679 1
680 5
681 6
682 6
683 2
684 9
685 5
686 8
687 8
688 2
689 2
690 4
691 7
692 5
693 10
694 6
695 7
696 4
697 10
698 10
699 4
700 6
701 8
702 2
703 3
704 4
705 1
706 10
707 2
708 7
709 4
710 4
711 10
712 9
713 9
714 3
715 1
716 8
717 6
718 6
719 4
720 3
721 2
722 10
723 7
724 10
725 6
726 4
727 7
728 1
729 9
730 2
731 1
732 8
733 1
734 7
735 3
736 7
737 2
738 8
739 7
740 9
741 3
742 3
743 8
744 3
745 10
746 9
747 10
748 2
749 7
750 1
751 3
752 8
753 8
754 3
755 10
756 3
757 6
758 3
759 1
760 2
761 4
762 3
763 6
764 3
765 9
766 5
767 6
768 2
769 1
770 2
771 7
772 2
773 1
774 5
775 5
776 10
777 10
778 7
779 9
780 3

# Durations (p)
1 212
2 173
3 219
4 293
5 211
6 156
7 68
8 197
9 226
10 115
11 52
12 251
13 158
14 22
15 266
16 161
17 149
18 202
19 34
20 54
21 105
22 94
23 29
24 195
25 208
26 270
27 237
28 124
29 279
30 96
31 255
32 159
33 147
34 120
35 131
36 81
37 118
38 26
39 104
40 235
41 158
42 53
43 53
44 89
45 167
46 219
47 146
48 75
49 27
50 144
51 86
52 154
53 228
54 52
55 81
56 55
57 217
58 201
59 66
60 278
61 75
62 151
63 150
64 171
65 180
66 139
67 118
68 56
69 153
70 165
71 92
72 38
73 78
74 66
75 60
76 86
77 85
78 253
79 65
80 25
81 243
82 46
83 118
84 63
85 113
86 131
87 37
88 330
89 217
90 141
91 94
92 101
93 180
94 100
95 252
96 26
97 163
98 82
99 138
100 255
101 95
102 194
103 117
104 124
105 231
106 158
107 51
108 51
109 127
110 46
111 46
112 88
113 188
114 113
115 259
116 55
117 206
118 202
119 195
120 97
121 143
122 104
123 149
124 152
125 138
126 196
127 103
128 200
129 91
130 53
131 190
132 463
133 212
134 75
135 148
136 143
137 33
138 141
139 102
140 67
141 36
142 119
143 72
144 98
145 70
146 28
147 364
148 139
149 228
150 158
151 49
152 205
153 56
154 97
155 255
156 124
157 161
158 25
159 100
160 59
161 182
162 63
163 80
164 44
165 236
166 103
167 31
168 98
169 192
170 33
171 320
172 104
173 22
174 187
175 66
176 116
177 198
178 117
179 66
180 50
181 181
182 230
183 130
184 126
185 159
186 101
187 165
188 66
189 21
190 144
191 64
192 173
193 72
194 167
195 30
196 49
197 91
198 145
199 176
200 268
201 23
202 147
203 296
204 118
205 35
206 176
207 261
208 274
209 232
210 181
211 284
212 119
213 206
214 68
215 180
216 52
217 35
218 243
219 203
220 234
221 28
222 44
223 332
224 185
225 174
226 101
227 86
228 67
229 78
230 151
231 70
232 146
233 38
234 192
235 299
236 45
237 268
238 109
239 142
240 157
241 94
242 51
243 90
244 128
245 157
246 120
247 90
248 231
249 133
250 78
251 125
252 188
253 212
254 24
255 51
256 130
257 48
258 138
259 185
260 236
261 92
262 161
263 133
264 73
265 98
266 44
267 141
268 131
269 81
270 60
271 65
272 153
273 210
274 32
275 108
276 305
277 189
278 107
279 67
280 105
281 208
282 204
283 170
284 62
285 103
286 140
287 78
288 92
289 90
290 54
291 268
292 132
293 30
294 210
295 188
296 69
297 112
298 59
299 282
300 231
301 67
302 81
303 99
304 123
305 267
306 298
307 91
308 104
309 102
310 113
311 40
312 34
313 45
314 109
315 113
316 118
317 259
318 151
319 45
320 261
321 47
322 60
323 32
324 31
325 89
326 215
327 255
328 234
329 173
330 116
331 91
332 78
333 52
334 147
335 131
336 23
337 174
338 164
339 155
340 161
341 127
342 50
343 49
344 50
345 37
346 205
347 151
348 123
349 153
350 174
351 127
352 160
353 61
354 95
355 84
356 156
357 162
358 73
359 186
360 164
361 208
362 106
363 31
364 337
365 230
366 244
367 179
368 130
369 37
370 210
371 316
372 51
373 118
374 127
375 81
376 97
377 122
378 88
379 44
380 56
381 111
382 28
383 288
384 45
385 70
386 32
387 167
388 261
389 74
390 32
391 81
392 113
393 199
394 79
395 165
396 321
397 307
398 146
399 29
400 194
401 232
402 104
403 283
404 140
405 42
406 188
407 150
408 24
409 40
410 141
411 46
412 259
413 98
414 31
415 38
416 145
417 113
418 73
419 196
420 40
421 135
422 35
423 38
424 170
425 132
426 167
427 162
428 46
429 300
430 47
431 31
432 30
433 211
434 168
435 133
436 165
437 104
438 99
439 105
440 215
441 115
442 137
443 150
444 175
445 106
446 117
447 28
448 166
449 74
450 230
451 179
452 146
453 166
454 85
455 264
456 31
457 54
458 185
459 74
460 343
461 260
462 192
463 135
464 130
465 72
466 89
467 228
468 271
469 191
470 121
471 96
472 81
473 58
474 53
475 329
476 66
477 171
478 50
479 61
480 220
481 235
482 159
483 302
484 254
485 107
486 145
487 213
488 146
489 78
490 188
491 129
492 34
493 61
494 98
495 247
496 212
497 81
498 92
499 109
500 152
501 27
502 185
503 250
504 116
505 194
506 61
507 44
508 41
509 49
510 228
511 237
512 42
513 59
514 256
515 129
516 144
517 45
518 219
519 154
520 71
521 155
522 21
523 76
524 62
525 106
526 175
527 257
528 174
529 265
530 155
531 233
532 270
533 286
534 111
535 165
536 49
537 201
538 64
539 80
540 50
541 112
542 188
543 199
544 67
545 149
546 107
547 119
548 55
549 89
550 125
551 111
552 57
553 210
554 53
555 106
556 246
557 24
558 153
559 144
560 153
561 34
562 159
563 167
564 191
565 199
566 62
567 47
568 208
569 190
570 51
571 71
572 240
573 73
574 135
575 137
576 252
577 78
578 120
579 139
580 54
581 194
582 49
583 103
584 93
585 152
586 48
587 216
588 67
589 122
590 99
591 35
592 184
593 140
594 209
595 45
596 42
597 127
598 226
599 172
600 193
601 80
602 123
603 143
604 115
605 130
606 185
607 95
608 251
609 154
610 156
611 186
612 127
613 130
614 124
615 162
616 254
617 170
618 209
619 172
620 175
621 139
622 91
623 24
624 29
625 141
626 76
627 31
628 33
629 171
630 185
631 44
632 60
633 69
634 166
635 70
636 75
637 76
638 115
639 145
640 96
641 227
642 110
643 90
644 127
645 180
646 115
647 185
648 137
649 49
650 33
651 131
652 126
653 167
654 193
655 152
656 195
657 252
658 139
659 144
660 150
661 305
662 127
663 213
664 106
665 168
666 162
667 133
668 155
669 233
670 80
671 79
672 158
673 167
674 90
675 67
676 98
677 264
678 24
679 193
680 308
681 148
682 145
683 63
684 235
685 197
686 33
687 92
688 52
689 110
690 43
691 70
692 174
693 78
694 134
695 321
696 105
697 21
698 34
699 103
700 174
701 70
702 179
703 132
704 48
705 172
706 22
707 92
708 181
709 166
710 200
711 240
712 211
713 217
714 166
715 89
716 169
717 346
718 100
719 223
720 276
721 185
722 31
723 32
724 68
725 167
726 159
727 123
728 153
729 247
730 70
731 37
732 108
733 38
734 25
735 284
736 228
737 276
738 50
739 68
740 33
741 111
742 166
743 188
744 154
745 217
746 73
747 163
748 297
749 101
750 186
751 78
752 303
753 189
754 126
755 142
756 144
757 79
758 61
759 173
760 43
761 91
762 85
763 56
764 101
765 92
766 198
767 272
768 112
769 139
770 162
771 75
772 126
773 54
774 78
775 165
776 88
777 104
778 116
779 149
780 158

orderrules
1 153 au000 avant au152
2 153 au001 avant au152
3 153 au002 avant au152
4 226 au003 avant au225
5 63 au004 avant au062
6 63 au005 avant au062
7 257 au006 avant au256
8 308 au007 avant au307
9 158 au008 avant au157
11 24 au010 avant au023
11 27 au010 avant au026
11 34 au010 avant au033
12 30 au011 avant au029
13 39 au012 avant au038
14 40 au013 avant au039
15 33 au014 avant au032
17 25 au016 avant au024
17 32 au016 avant au031
18 36 au017 avant au035
18 38 au017 avant au037
19 23 au018 avant au022
19 26 au018 avant au025
20 31 au019 avant au030
20 35 au019 avant au034
20 37 au019 avant au036
21 28 au020 avant au027
22 29 au021 avant au028
23 153 au022 avant au152
24 226 au023 avant au225
25 63 au024 avant au062
26 63 au025 avant au062
27 63 au026 avant au062
28 63 au027 avant au062
29 257 au028 avant au256
30 158 au029 avant au157
31 52 au030 avant au051
32 45 au031 avant au044
32 60 au031 avant au059
33 42 au032 avant au041
33 49 au032 avant au048
33 53 au032 avant au052
33 54 au032 avant au053
33 99 au032 avant au098
34 41 au033 avant au040
34 51 au033 avant au050
34 59 au033 avant au058
35 57 au034 avant au056
36 43 au035 avant au042
37 46 au036 avant au045
37 48 au036 avant au047
37 56 au036 avant au055
38 47 au037 avant au046
38 50 au037 avant au049
38 58 au037 avant au057
39 44 au038 avant au043
39 55 au038 avant au054
40 580 au039 avant au579
41 226 au040 avant au225
42 226 au041 avant au225
43 63 au042 avant au062
44 257 au043 avant au256
45 631 au044 avant au630
46 62 au045 avant au061
47 61 au046 avant au060
47 65 au046 avant au064
47 76 au046 avant au075
49 69 au048 avant au068
53 66 au052 avant au065
53 74 au052 avant au073
54 73 au053 avant au072
55 71 au054 avant au070
56 67 au055 avant au066
57 72 au056 avant au071
59 68 au058 avant au067
59 70 au058 avant au069
59 240 au058 avant au239
60 64 au059 avant au063
60 75 au059 avant au074
61 153 au060 avant au152
62 153 au061 avant au152
63 78 au062 avant au077
63 79 au062 avant au078
63 80 au062 avant au079
63 81 au062 avant au080
63 82 au062 avant au081
63 83 au062 avant au082
64 158 au063 avant au157
65 158 au064 avant au157
67 90 au066 avant au089
68 88 au067 avant au087
68 92 au067 avant au091
68 95 au067 avant au094
68 96 au067 avant au095
69 91 au068 avant au090
70 86 au069 avant au085
70 98 au069 avant au097
71 84 au070 avant au083
71 93 au070 avant au092
71 94 au070 avant au093
72 87 au071 avant au086
72 97 au071 avant au096
73 85 au072 avant au084
75 77 au074 avant au076
76 89 au075 avant au088
77 153 au076 avant au152
78 101 au077 avant au100
78 109 au077 avant au108
80 111 au079 avant au110
81 112 au080 avant au111
81 116 au080 avant au115
81 320 au080 avant au319
85 102 au084 avant au101
86 117 au085 avant au116
87 103 au086 avant au102
89 115 au088 avant au114
89 162 au088 avant au161
90 104 au089 avant au103
90 105 au089 avant au104
90 106 au089 avant au105
92 113 au091 avant au112
94 100 au093 avant au099
94 110 au093 avant au109
94 114 au093 avant au113
97 107 au096 avant au106
98 99 au097 avant au098
98 108 au097 avant au107
99 153 au098 avant au152
100 436 au099 avant au435
101 158 au100 avant au157
102 551 au101 avant au550
103 128 au102 avant au127
103 129 au102 avant au128
104 124 au103 avant au123
104 125 au103 avant au124
106 120 au105 avant au119
106 127 au105 avant au126
109 119 au108 avant au118
109 131 au108 avant au130
110 118 au109 avant au117
111 121 au110 avant au120
111 130 au110 avant au129
112 122 au111 avant au121
114 379 au113 avant au378
115 123 au114 avant au122
115 422 au114 avant au421
117 126 au116 avant au125
118 153 au117 avant au152
119 226 au118 avant au225
120 458 au119 avant au457
121 158 au120 avant au157
122 141 au121 avant au140
122 143 au121 avant au142
123 133 au122 avant au132
123 138 au122 avant au137
123 142 au122 avant au141
123 145 au122 avant au144
124 151 au123 avant au150
125 134 au124 avant au133
125 150 au124 avant au149
126 132 au125 avant au131
126 136 au125 avant au135
126 139 au125 avant au138
126 152 au125 avant au151
127 148 au126 avant au147
127 149 au126 avant au148
129 137 au128 avant au136
129 147 au128 avant au146
130 146 au129 avant au145
131 135 au130 avant au134
131 140 au130 avant au139
131 144 au130 avant au143
132 153 au131 avant au152
133 226 au132 avant au225
134 744 au133 avant au743
135 630 au134 avant au629
136 308 au135 avant au307
137 158 au136 avant au157
138 158 au137 avant au157
139 168 au138 avant au167
141 155 au140 avant au154
141 161 au140 avant au160
144 154 au143 avant au153
144 164 au143 avant au163
145 156 au144 avant au155
145 159 au144 avant au158
146 163 au145 avant au162
147 162 au146 avant au161
147 166 au146 avant au165
148 160 au147 avant au159
149 157 au148 avant au156
151 167 au150 avant au166
152 165 au151 avant au164
153 169 au152 avant au168
153 170 au152 avant au169
153 171 au152 avant au170
153 172 au152 avant au171
153 173 au152 avant au172
153 174 au152 avant au173
153 187 au152 avant au186
154 226 au153 avant au225
155 630 au154 avant au629
156 436 au155 avant au435
157 436 au156 avant au435
158 175 au157 avant au174
158 176 au157 avant au175
158 177 au157 avant au176
158 178 au157 avant au177
158 179 au157 avant au178
158 180 au157 avant au179
158 186 au157 avant au185
159 181 au158 avant au180
161 390 au160 avant au389
162 184 au161 avant au183
162 185 au161 avant au184
163 182 au162 avant au181
163 183 au162 avant au182
167 188 au166 avant au187
169 191 au168 avant au190
169 193 au168 avant au192
169 201 au168 avant au200
172 199 au171 avant au198
172 208 au171 avant au207
172 209 au171 avant au208
174 197 au173 avant au196
174 557 au173 avant au556
177 401 au176 avant au400
178 200 au177 avant au199
179 206 au178 avant au205
179 207 au178 avant au206
181 189 au180 avant au188
181 194 au180 avant au193
181 302 au180 avant au301
182 190 au181 avant au189
183 196 au182 avant au195
184 192 au183 avant au191
185 195 au184 avant au194
186 527 au185 avant au526
187 198 au186 avant au197
187 202 au186 avant au201
187 203 au186 avant au202
188 204 au187 avant au203
188 205 au187 avant au204
189 226 au188 avant au225
190 308 au189 avant au307
191 631 au190 avant au630
192 631 au191 avant au630
193 614 au192 avant au613
197 220 au196 avant au219
197 223 au196 avant au222
198 210 au197 avant au209
200 215 au199 avant au214
201 213 au200 avant au212
201 219 au200 avant au218
202 217 au201 avant au216
202 221 au201 avant au220
203 225 au202 avant au224
204 224 au203 avant au223
205 216 au204 avant au215
205 222 au204 avant au221
206 212 au205 avant au211
207 214 au206 avant au213
209 211 au208 avant au210
209 218 au208 avant au217
210 226 au209 avant au225
211 308 au210 avant au307
212 436 au211 avant au435
213 230 au212 avant au229
213 231 au212 avant au230
213 232 au212 avant au231
213 238 au212 avant au237
213 247 au212 avant au246
213 521 au212 avant au520
216 240 au215 avant au239
216 243 au215 avant au242
217 242 au216 avant au241
218 244 au217 avant au243
219 227 au218 avant au226
220 234 au219 avant au233
220 236 au219 avant au235
222 229 au221 avant au228
222 233 au221 avant au232
222 235 au221 avant au234
222 237 au221 avant au236
222 239 au221 avant au238
222 241 au221 avant au240
223 246 au222 avant au245
223 248 au222 avant au247
225 228 au224 avant au227
225 245 au224 avant au244
225 337 au224 avant au336
226 249 au225 avant au248
226 250 au225 avant au249
226 251 au225 avant au250
226 252 au225 avant au251
226 253 au225 avant au252
226 254 au225 avant au253
226 255 au225 avant au254
226 256 au225 avant au255
226 386 au225 avant au385
227 257 au226 avant au256
228 728 au227 avant au727
229 631 au228 avant au630
230 261 au229 avant au260
230 267 au229 avant au266
231 258 au230 avant au257
233 270 au232 avant au269
234 263 au233 avant au262
234 269 au233 avant au268
239 262 au238 avant au261
239 265 au238 avant au264
240 259 au239 avant au258
241 266 au240 avant au265
242 264 au241 avant au263
243 271 au242 avant au270
245 629 au244 avant au628
246 458 au245 avant au457
248 260 au247 avant au259
248 268 au247 avant au267
249 744 au248 avant au743
251 282 au250 avant au281
252 278 au251 avant au277
252 284 au251 avant au283
254 279 au253 avant au278
255 283 au254 avant au282
257 272 au256 avant au271
257 273 au256 avant au272
257 274 au256 avant au273
257 275 au256 avant au274
257 276 au256 avant au275
257 285 au256 avant au284
258 458 au257 avant au457
259 287 au258 avant au286
264 288 au263 avant au287
265 286 au264 avant au285
265 583 au264 avant au582
266 280 au265 avant au279
267 361 au266 avant au360
269 281 au268 avant au280
269 289 au268 avant au288
269 400 au268 avant au399
270 277 au269 avant au276
271 319 au270 avant au318
272 436 au271 avant au435
273 458 au272 avant au457
274 294 au273 avant au293
274 299 au273 avant au298
275 290 au274 avant au289
275 291 au274 avant au290
278 301 au277 avant au300
279 511 au278 avant au510
280 296 au279 avant au295
280 305 au279 avant au304
281 300 au280 avant au299
282 293 au281 avant au292
282 295 au281 avant au294
285 297 au284 avant au296
286 302 au285 avant au301
287 292 au286 avant au291
288 303 au287 avant au302
288 306 au287 avant au305
289 298 au288 avant au297
289 304 au288 avant au303
290 308 au289 avant au307
291 458 au290 avant au457
292 631 au291 avant au630
293 319 au292 avant au318
295 310 au294 avant au309
296 313 au295 avant au312
297 311 au296 avant au310
297 322 au296 avant au321
298 309 au297 avant au308
298 314 au297 avant au313
298 318 au297 avant au317
299 770 au298 avant au769
301 312 au300 avant au311
301 321 au300 avant au320
301 460 au300 avant au459
302 315 au301 avant au314
303 645 au302 avant au644
304 320 au303 avant au319
305 316 au304 avant au315
305 317 au304 avant au316
306 307 au305 avant au306
307 744 au306 avant au743
308 324 au307 avant au323
308 325 au307 avant au324
308 326 au307 avant au325
308 327 au307 avant au326
308 328 au307 avant au327
309 332 au308 avant au331
309 338 au308 avant au337
311 323 au310 avant au322
311 330 au310 avant au329
312 331 au311 avant au330
312 336 au311 avant au335
312 752 au311 avant au751
313 333 au312 avant au332
314 329 au313 avant au328
316 339 au315 avant au338
316 341 au315 avant au340
321 568 au320 avant au567
322 334 au321 avant au333
322 335 au321 avant au334
322 337 au321 avant au336
322 340 au321 avant au339
323 744 au322 avant au743
325 352 au324 avant au351
326 346 au325 avant au345
327 342 au326 avant au341
328 347 au327 avant au346
329 458 au328 avant au457
330 344 au329 avant au343
331 348 au330 avant au347
333 343 au332 avant au342
333 351 au332 avant au350
333 357 au332 avant au356
334 349 au333 avant au348
335 353 au334 avant au352
339 345 au338 avant au344
339 355 au338 avant au354
339 356 au338 avant au355
340 350 au339 avant au349
341 354 au340 avant au353
342 458 au341 avant au457
343 358 au342 avant au357
345 366 au344 avant au365
345 372 au344 avant au371
345 374 au344 avant au373
346 377 au345 avant au376
350 360 au349 avant au359
350 363 au349 avant au362
350 367 au349 avant au366
350 369 au349 avant au368
350 370 au349 avant au369
350 375 au349 avant au374
351 364 au350 avant au363
353 359 au352 avant au358
353 715 au352 avant au714
354 365 au353 avant au364
354 376 au353 avant au375
355 371 au354 avant au370
355 373 au354 avant au372
356 361 au355 avant au360
357 362 au356 avant au361
357 368 au356 avant au367
359 614 au358 avant au613
360 386 au359 avant au385
360 390 au359 avant au389
362 380 au361 avant au379
362 383 au361 avant au382
362 391 au361 avant au390
363 379 au362 avant au378
364 378 au363 avant au377
364 393 au363 avant au392
368 382 au367 avant au381
368 384 au367 avant au383
368 385 au367 avant au384
370 387 au369 avant au386
370 389 au369 avant au388
372 687 au371 avant au686
373 396 au372 avant au395
374 381 au373 avant au380
374 392 au373 avant au391
374 394 au373 avant au393
375 395 au374 avant au394
376 388 au375 avant au387
378 630 au377 avant au629
379 549 au378 avant au548
380 402 au379 avant au401
381 414 au380 avant au413
382 408 au381 avant au407
383 399 au382 avant au398
385 412 au384 avant au411
386 397 au385 avant au396
386 413 au385 avant au412
387 410 au386 avant au409
388 406 au387 avant au405
389 400 au388 avant au399
389 411 au388 avant au410
391 398 au390 avant au397
391 404 au390 avant au403
391 405 au390 avant au404
391 409 au390 avant au408
394 401 au393 avant au400
396 403 au395 avant au402
396 407 au395 avant au406
397 728 au396 avant au727
399 423 au398 avant au422
401 421 au400 avant au420
402 417 au401 avant au416
402 420 au401 avant au419
402 430 au401 avant au429
403 415 au402 avant au414
404 428 au403 avant au427
405 419 au404 avant au418
406 427 au405 avant au426
406 434 au405 avant au433
407 425 au406 avant au424
407 431 au406 avant au430
407 433 au406 avant au432
408 418 au407 avant au417
408 643 au407 avant au642
410 432 au409 avant au431
413 426 au412 avant au425
413 429 au412 avant au428
414 416 au413 avant au415
414 422 au413 avant au421
414 424 au413 avant au423
415 744 au414 avant au743
416 630 au415 avant au629
417 436 au416 avant au435
418 436 au417 avant au435
419 614 au418 avant au613
420 441 au419 avant au440
420 443 au419 avant au442
422 442 au421 avant au441
425 438 au424 avant au437
426 446 au425 avant au445
427 448 au426 avant au447
427 452 au426 avant au451
427 453 au426 avant au452
428 444 au427 avant au443
428 450 au427 avant au449
429 439 au428 avant au438
429 447 au428 avant au446
429 451 au428 avant au450
432 435 au431 avant au434
432 440 au431 avant au439
433 437 au432 avant au436
433 445 au432 avant au444
433 449 au432 avant au448
435 744 au434 avant au743
436 454 au435 avant au453
436 455 au435 avant au454
436 456 au435 avant au455
436 457 au435 avant au456
437 458 au436 avant au457
439 462 au438 avant au461
439 470 au438 avant au469
440 465 au439 avant au464
440 704 au439 avant au703
441 460 au440 avant au459
442 464 au441 avant au463
442 466 au441 avant au465
442 469 au441 avant au468
443 472 au442 avant au471
444 463 au443 avant au462
447 459 au446 avant au458
449 468 au448 avant au467
450 461 au449 avant au460
453 467 au452 avant au466
453 471 au452 avant au470
456 493 au455 avant au492
457 485 au456 avant au484
458 474 au457 avant au473
458 475 au457 avant au474
458 476 au457 avant au475
458 477 au457 avant au476
458 478 au457 avant au477
458 479 au457 avant au478
458 480 au457 avant au479
458 481 au457 avant au480
458 486 au457 avant au485
458 492 au457 avant au491
461 494 au460 avant au493
463 482 au462 avant au481
464 483 au463 avant au482
464 489 au463 avant au488
466 490 au465 avant au489
466 495 au465 avant au494
467 488 au466 avant au487
468 484 au467 avant au483
469 487 au468 avant au486
470 473 au469 avant au472
471 491 au470 avant au490
471 605 au470 avant au604
473 549 au472 avant au548
474 498 au473 avant au497
474 503 au473 avant au502
475 504 au474 avant au503
476 502 au475 avant au501
477 505 au476 avant au504
478 501 au477 avant au500
479 496 au478 avant au495
479 506 au478 avant au505
480 511 au479 avant au510
483 500 au482 avant au499
486 507 au485 avant au506
489 499 au488 avant au498
490 512 au489 avant au511
492 510 au491 avant au509
495 497 au494 avant au496
495 508 au494 avant au507
495 509 au494 avant au508
496 549 au495 avant au548
500 521 au499 avant au520
500 527 au499 avant au526
501 599 au500 avant au598
502 522 au501 avant au521
507 516 au506 avant au515
507 518 au506 avant au517
507 520 au506 avant au519
507 525 au506 avant au524
507 526 au506 avant au525
508 523 au507 avant au522
509 514 au508 avant au513
509 517 au508 avant au516
510 519 au509 avant au518
511 513 au510 avant au512
511 524 au510 avant au523
512 515 au511 avant au514
513 630 au512 avant au629
514 534 au513 avant au533
515 536 au514 avant au535
515 542 au514 avant au541
515 543 au514 avant au542
516 528 au515 avant au527
517 538 au516 avant au537
518 529 au517 avant au528
518 531 au517 avant au530
518 548 au517 avant au547
519 547 au518 avant au546
520 541 au519 avant au540
521 532 au520 avant au531
521 533 au520 avant au532
522 530 au521 avant au529
522 537 au521 avant au536
522 540 au521 avant au539
523 546 au522 avant au545
524 544 au523 avant au543
525 535 au524 avant au534
526 539 au525 avant au538
526 545 au525 avant au544
528 549 au527 avant au548
529 549 au528 avant au548
530 614 au529 avant au613
531 550 au530 avant au549
531 563 au530 avant au562
532 555 au531 avant au554
532 557 au531 avant au556
532 560 au531 avant au559
533 559 au532 avant au558
533 772 au532 avant au771
535 562 au534 avant au561
536 552 au535 avant au551
536 558 au535 avant au557
536 566 au535 avant au565
536 629 au535 avant au628
537 554 au536 avant au553
537 561 au536 avant au560
540 556 au539 avant au555
542 567 au541 avant au566
543 564 au542 avant au563
544 568 au543 avant au567
545 551 au544 avant au550
545 553 au544 avant au552
548 565 au547 avant au564
549 569 au548 avant au568
549 570 au548 avant au569
549 571 au548 avant au570
549 572 au548 avant au571
549 573 au548 avant au572
549 574 au548 avant au573
549 575 au548 avant au574
549 576 au548 avant au575
549 577 au548 avant au576
549 588 au548 avant au587
550 590 au549 avant au589
552 578 au551 avant au577
553 580 au552 avant au579
553 584 au552 avant au583
553 587 au552 avant au586
554 581 au553 avant au580
556 588 au555 avant au587
558 582 au557 avant au581
559 586 au558 avant au585
561 583 au560 avant au582
561 585 au560 avant au584
562 589 au561 avant au588
565 591 au564 avant au590
566 579 au565 avant au578
569 598 au568 avant au597
570 592 au569 avant au591
571 593 au570 avant au592
572 600 au571 avant au599
574 602 au573 avant au601
574 606 au573 avant au605
576 595 au575 avant au594
577 604 au576 avant au603
579 601 au578 avant au600
582 607 au581 avant au606
583 599 au582 avant au598
583 603 au582 avant au602
583 610 au582 avant au609
585 605 au584 avant au604
586 594 au585 avant au593
586 608 au585 avant au607
586 609 au585 avant au608
588 596 au587 avant au595
590 597 au589 avant au596
592 614 au591 avant au613
593 614 au592 avant au613
594 611 au593 avant au610
594 615 au593 avant au614
595 622 au594 avant au621
598 625 au597 avant au624
598 678 au597 avant au677
599 619 au598 avant au618
600 612 au599 avant au611
601 613 au600 avant au612
603 623 au602 avant au622
603 626 au602 avant au625
603 627 au602 avant au626
603 709 au602 avant au708
604 629 au603 avant au628
605 621 au604 avant au620
605 628 au604 avant au627
607 617 au606 avant au616
608 620 au607 avant au619
608 624 au607 avant au623
610 616 au609 avant au615
610 618 au609 avant au617
611 630 au610 avant au629
612 728 au611 avant au727
613 631 au612 avant au630
614 632 au613 avant au631
614 633 au613 avant au632
614 634 au613 avant au633
614 635 au613 avant au634
614 636 au613 avant au635
614 637 au613 avant au636
615 652 au614 avant au651
616 647 au615 avant au646
617 641 au616 avant au640
617 653 au616 avant au652
619 639 au618 avant au638
619 644 au618 avant au643
619 648 au618 avant au647
619 650 au618 avant au649
620 646 au619 avant au645
621 638 au620 avant au637
622 642 au621 avant au641
622 643 au621 avant au642
624 645 au623 avant au644
625 640 au624 avant au639
628 649 au627 avant au648
629 651 au628 avant au650
630 656 au629 avant au655
630 657 au629 avant au656
630 658 au629 avant au657
630 659 au629 avant au658
630 660 au629 avant au659
630 661 au629 avant au660
630 662 au629 avant au661
630 663 au629 avant au662
630 664 au629 avant au663
630 665 au629 avant au664
630 666 au629 avant au665
630 667 au629 avant au666
630 668 au629 avant au667
630 669 au629 avant au668
630 686 au629 avant au685
631 670 au630 avant au669
631 671 au630 avant au670
631 672 au630 avant au671
631 673 au630 avant au672
631 674 au630 avant au673
631 675 au630 avant au674
631 676 au630 avant au675
631 677 au630 avant au676
633 655 au632 avant au654
640 654 au639 avant au653
640 679 au639 avant au678
640 684 au639 avant au683
641 681 au640 avant au680
641 685 au640 avant au684
642 687 au641 avant au686
644 678 au643 avant au677
644 682 au643 avant au681
646 683 au645 avant au682
649 680 au648 avant au679
650 688 au649 avant au687
657 698 au656 avant au697
657 704 au656 avant au703
658 693 au657 avant au692
659 689 au658 avant au688
661 707 au660 avant au706
667 706 au666 avant au705
669 694 au668 avant au693
669 701 au668 avant au700
670 691 au669 avant au690
671 705 au670 avant au704
674 692 au673 avant au691
674 696 au673 avant au695
674 697 au673 avant au696
677 695 au676 avant au694
677 702 au676 avant au701
683 700 au682 avant au699
683 703 au682 avant au702
684 699 au683 avant au698
685 690 au684 avant au689
690 728 au689 avant au727
691 720 au690 avant au719
691 723 au690 avant au722
692 715 au691 avant au714
695 710 au694 avant au709
695 713 au694 avant au712
696 716 au695 avant au715
697 721 au696 avant au720
698 724 au697 avant au723
699 714 au698 avant au713
699 718 au698 avant au717
700 719 au699 avant au718
700 726 au699 avant au725
701 725 au700 avant au724
703 711 au702 avant au710
704 717 au703 avant au716
705 708 au704 avant au707
705 712 au704 avant au711
705 722 au704 avant au721
707 709 au706 avant au708
708 728 au707 avant au727
709 743 au708 avant au742
710 729 au709 avant au728
710 740 au709 avant au739
713 741 au712 avant au740
714 727 au713 avant au726
715 730 au714 avant au729
715 733 au714 avant au732
715 739 au714 avant au738
716 735 au715 avant au734
716 737 au715 avant au736
722 731 au721 avant au730
723 732 au722 avant au731
723 736 au722 avant au735
723 738 au722 avant au737
726 734 au725 avant au733
726 742 au725 avant au741
727 744 au726 avant au743
728 745 au727 avant au744
728 746 au727 avant au745
728 747 au727 avant au746
728 748 au727 avant au747
728 758 au727 avant au757
728 762 au727 avant au761
731 752 au730 avant au751
732 750 au731 avant au749
734 751 au733 avant au750
734 754 au733 avant au753
734 755 au733 avant au754
734 760 au733 avant au759
735 756 au734 avant au755
737 749 au736 avant au748
737 757 au736 avant au756
738 753 au737 avant au752
739 759 au738 avant au758
742 761 au741 avant au760
744 763 au743 avant au762
744 764 au743 avant au763
744 765 au743 avant au764
744 766 au743 avant au765
744 767 au743 avant au766
744 768 au743 avant au767
744 769 au743 avant au768
745 775 au744 avant au774
746 773 au745 avant au772
748 777 au747 avant au776
748 779 au747 avant au778
749 772 au748 avant au771
753 774 au752 avant au773
756 778 au755 avant au777
756 780 au755 avant au779
758 770 au757 avant au769
758 776 au757 avant au775
760 771 au759 avant au770
