# Components (V)
1 2 3 4 5 6 7 8 9 10 11 12 13 14 15 16 17 18 19 20

# Precedence arcs (E)
1 5
2 7
3 6
3 10
4 8
4 9
4 10
5 13
6 11
7 12
8 18
9 15
10 13
11 15
12 15
13 14
13 15
14 16
15 17
15 18
15 19
16 20
17 20
18 20
19 20

# Target components (T)
20

# Revenues (r)
1 25
2 28
3 28
4 27
5 27
6 22
7 28
8 25
9 23
10 28
11 24
12 20
13 23
14 29
15 27
16 27
17 23
18 27
19 30
20 29

# Costs (c)
1 5
2 8
3 1
4 8
5 3
6 5
7 5
8 3
9 6
10 8
11 6
12 2
13 8
14 8
15 6
16 5
17 5
18 6
19 6
20 9

# Durations (p)
1 141
2 118
3 136
4 117
5 140
6 194
7 110
8 69
9 80
10 219
11 155
12 168
13 60
14 185
15 218
16 192
17 148
18 102
19 214
20 140

orderrules
1 5 au000 avant au004
2 7 au001 avant au006
3 6 au002 avant au005
3 10 au002 avant au009
4 8 au003 avant au007
4 9 au003 avant au008
4 10 au003 avant au009
5 13 au004 avant au012
6 11 au005 avant au010
7 12 au006 avant au011
8 18 au007 avant au017
9 15 au008 avant au014
10 13 au009 avant au012
11 15 au010 avant au014
12 15 au011 avant au014
13 14 au012 avant au013
13 15 au012 avant au014
14 16 au013 avant au015
15 17 au014 avant au016
15 18 au014 avant au017
15 19 au014 avant au018
16 20 au015 avant au019
17 20 au016 avant au019
18 20 au017 avant au019
19 20 au018 avant au019
