# Components (V)
1 2 3 4 5 6 7 8 9 10 11 12 13 14 15 16 17 18 19 20

# Precedence arcs (E)
1 6
1 11
2 5
2 6
3 4
3 7
4 13
5 13
6 9
7 8
7 9
7 10
8 13
9 12
10 11
11 13
12 14
12 15
13 16
13 17
13 18
13 19
13 20

# Target components (T)
20

# Revenues (r)
1 29
2 23
3 26
4 22
5 26
6 25
7 23
8 25
9 29
10 29
11 22
12 29
13 29
14 21
15 22
16 23
17 26
18 25
19 29
20 22

# Costs (c)
1 10
2 10
3 8
4 9
5 2
6 1
7 2
8 7
9 1
10 5
11 3
12 2
13 5
14 8
15 2
16 9
17 7
18 4
19 7
20 7

# Durations (p)
1 162
2 68
3 88
4 282
5 109
6 59
7 193
8 203
9 64
10 264
11 104
12 114
13 44
14 237
15 211
16 112
17 159
18 121
19 43
20 170

orderrules
1 6 au000 avant au005
1 11 au000 avant au010
2 5 au001 avant au004
2 6 au001 avant au005
3 4 au002 avant au003
3 7 au002 avant au006
4 13 au003 avant au012
5 13 au004 avant au012
6 9 au005 avant au008
7 8 au006 avant au007
7 9 au006 avant au008
7 10 au006 avant au009
8 13 au007 avant au012
9 12 au008 avant au011
10 11 au009 avant au010
11 13 au010 avant au012
12 14 au011 avant au013
12 15 au011 avant au014
13 16 au012 avant au015
13 17 au012 avant au016
13 18 au012 avant au017
13 19 au012 avant au018
13 20 au012 avant au019
