# Components (V)
1 2 3 4 5 6 7 8 9 10 11 12 13 14 15 16 17 18 19 20

# Precedence arcs (E)
1 8
2 8
3 8
4 5
4 6
4 7
5 8
6 9
6 10
7 16
8 11
8 12
8 13
8 14
8 15
9 16
9 17
10 16
10 17
12 16
13 17
14 19
17 18
17 19
17 20

# Target components (T)
18 16 20

# Revenues (r)
1 20
2 21
3 21
4 30
5 26
6 24
7 26
8 26
9 23
10 25
11 23
12 23
13 28
14 21
15 20
16 29
17 30
18 23
19 21
20 20

# Costs (c)
1 9
2 5
3 10
4 1
5 2
6 4
7 8
8 8
9 9
10 5
11 4
12 6
13 10
14 1
15 9
16 3
17 2
18 5
19 10
20 9

# Durations (p)
1 159
2 112
3 131
4 119
5 112
6 160
7 165
8 225
9 83
10 40
11 92
12 203
13 101
14 175
15 211
16 211
17 155
18 120
19 162
20 196

orderrules
1 8 au000 avant au007
2 8 au001 avant au007
3 8 au002 avant au007
4 5 au003 avant au004
4 6 au003 avant au005
4 7 au003 avant au006
5 8 au004 avant au007
6 9 au005 avant au008
6 10 au005 avant au009
7 16 au006 avant au015
8 11 au007 avant au010
8 12 au007 avant au011
8 13 au007 avant au012
8 14 au007 avant au013
8 15 au007 avant au014
9 16 au008 avant au015
9 17 au008 avant au016
10 16 au009 avant au015
10 17 au009 avant au016
12 16 au011 avant au015
13 17 au012 avant au016
14 19 au013 avant au018
17 18 au016 avant au017
17 19 au016 avant au018
17 20 au016 avant au019
