# Components (V)
1 2 3 4 5 6 7 8 9 10 11 12 13 14 15 16 17 18 19 20

# Precedence arcs (E)
1 9
2 9
3 9
4 9
5 11
5 12
8 10
9 13
9 14
9 15
9 16
14 17
15 18
17 20
18 19

# Target components (T)
10 6

# Revenues (r)
1 22
2 29
3 30
4 23
5 21
6 20
7 25
8 25
9 29
10 29
11 24
12 30
13 27
14 30
15 27
16 20
17 26
18 26
19 26
20 20

# Costs (c)
1 6
2 7
3 6
4 5
5 10
6 1
7 2
8 7
9 9
10 8
11 10
12 6
13 10
14 7
15 1
16 1
17 4
18 7
19 4
20 10

# Durations (p)
1 464
2 154
3 506
4 476
5 77
6 155
7 340
8 467
9 94
10 65
11 192
12 127
13 204
14 108
15 481
16 213
17 116
18 74
19 220
20 117

orderrules
1 9 au000 avant au008
2 9 au001 avant au008
3 9 au002 avant au008
4 9 au003 avant au008
5 11 au004 avant au010
5 12 au004 avant au011
8 10 au007 avant au009
9 13 au008 avant au012
9 14 au008 avant au013
9 15 au008 avant au014
9 16 au008 avant au015
14 17 au013 avant au016
15 18 au014 avant au017
17 20 au016 avant au019
18 19 au017 avant au018
