# Components (V)
1 2 3 4 5 6 7 8 9 10 11 12 13 14 15 16 17 18 19 20

# Precedence arcs (E)
1 10
2 3
2 4
2 5
3 10
4 9
4 12
4 13
4 20
5 6
5 7
5 8
6 10
7 10
8 10
8 12
8 13
9 11
9 18
10 14
10 15
10 16
10 17
12 19
13 18
15 18
15 19
15 20
16 20
17 18

# Target components (T)
20 14

# Revenues (r)
1 21
2 20
3 30
4 25
5 23
6 28
7 27
8 25
9 28
10 21
11 20
12 22
13 20
14 23
15 25
16 28
17 26
18 21
19 29
20 26

# Costs (c)
1 10
2 10
3 3
4 4
5 2
6 3
7 1
8 9
9 2
10 8
11 10
12 3
13 6
14 10
15 1
16 8
17 2
18 6
19 3
20 7

# Durations (p)
1 146
2 430
3 392
4 459
5 389
6 580
7 451
8 374
9 501
10 460
11 567
12 610
13 706
14 539
15 550
16 669
17 316
18 401
19 457
20 540

orderrules
1 10 au000 avant au009
2 3 au001 avant au002
2 4 au001 avant au003
2 5 au001 avant au004
3 10 au002 avant au009
4 9 au003 avant au008
4 12 au003 avant au011
4 13 au003 avant au012
4 20 au003 avant au019
5 6 au004 avant au005
5 7 au004 avant au006
5 8 au004 avant au007
6 10 au005 avant au009
7 10 au006 avant au009
8 10 au007 avant au009
8 12 au007 avant au011
8 13 au007 avant au012
9 11 au008 avant au010
9 18 au008 avant au017
10 14 au009 avant au013
10 15 au009 avant au014
10 16 au009 avant au015
10 17 au009 avant au016
12 19 au011 avant au018
13 18 au012 avant au017
15 18 au014 avant au017
15 19 au014 avant au018
15 20 au014 avant au019
16 20 au015 avant au019
17 18 au016 avant au017
