# Components (V)
1 2 3 4 5 6 7 8 9 10 11 12 13 14 15 16 17 18 19 20

# Precedence arcs (E)
1 13
2 5
2 6
3 4
3 5
3 7
4 13
5 9
6 8
6 15
7 20
8 13
9 10
9 11
9 12
10 13
11 13
11 15
12 14
13 16
13 17
13 18
13 19
13 20

# Target components (T)
17 18 15

# Revenues (r)
1 25
2 23
3 21
4 30
5 28
6 29
7 27
8 30
9 28
10 30
11 29
12 22
13 29
14 24
15 21
16 22
17 24
18 26
19 25
20 21

# Costs (c)
1 9
2 4
3 8
4 4
5 9
6 8
7 10
8 3
9 5
10 9
11 3
12 6
13 10
14 2
15 4
16 6
17 7
18 6
19 3
20 6

# Durations (p)
1 555
2 802
3 478
4 551
5 548
6 587
7 391
8 327
9 529
10 476
11 510
12 225
13 510
14 456
15 384
16 191
17 397
18 470
19 602
20 538

orderrules
1 13 au000 avant au012
2 5 au001 avant au004
2 6 au001 avant au005
3 4 au002 avant au003
3 5 au002 avant au004
3 7 au002 avant au006
4 13 au003 avant au012
5 9 au004 avant au008
6 8 au005 avant au007
6 15 au005 avant au014
7 20 au006 avant au019
8 13 au007 avant au012
9 10 au008 avant au009
9 11 au008 avant au010
9 12 au008 avant au011
10 13 au009 avant au012
11 13 au010 avant au012
11 15 au010 avant au014
12 14 au011 avant au013
13 16 au012 avant au015
13 17 au012 avant au016
13 18 au012 avant au017
13 19 au012 avant au018
13 20 au012 avant au019
