# Components (V)
1 2 3 4 5 6 7 8 9 10 11 12 13 14 15 16 17 18 19 20

# Precedence arcs (E)
1 9
2 9
3 9
4 7
5 6
5 8
6 9
7 9
8 10
8 11
9 12
9 13
9 14
9 15
10 17
12 17
13 16
16 19
16 20
17 18

# Target components (T)
18

# Revenues (r)
1 30
2 21
3 21
4 22
5 28
6 20
7 28
8 22
9 22
10 26
11 22
12 21
13 28
14 27
15 26
16 28
17 24
18 25
19 22
20 30

# Costs (c)
1 2
2 2
3 3
4 7
5 3
6 8
7 2
8 2
9 5
10 4
11 6
12 9
13 4
14 1
15 6
16 2
17 4
18 6
19 6
20 10

# Durations (p)
1 27
2 123
3 188
4 152
5 210
6 206
7 234
8 178
9 82
10 126
11 93
12 135
13 159
14 177
15 196
16 165
17 104
18 157
19 87
20 140

orderrules
1 9 au000 avant au008
2 9 au001 avant au008
3 9 au002 avant au008
4 7 au003 avant au006
5 6 au004 avant au005
5 8 au004 avant au007
6 9 au005 avant au008
7 9 au006 avant au008
8 10 au007 avant au009
8 11 au007 avant au010
9 12 au008 avant au011
9 13 au008 avant au012
9 14 au008 avant au013
9 15 au008 avant au014
10 17 au009 avant au016
12 17 au011 avant au016
13 16 au012 avant au015
16 19 au015 avant au018
16 20 au015 avant au019
17 18 au016 avant au017
