# Components (V)
1 2 3 4 5 6 7 8 9 10 11 12 13 14 15 16 17 18 19 20 21 22 23 24 25 26 27 28 29 30 31 32 33 34 35 36 37 38 39 40 41 42 43 44 45 46 47 48 49 50 51 52 53 54 55 56 57 58 59 60 61 62 63 64 65 66 67 68 69 70 71 72 73 74 75 76 77 78 79 80 81 82 83 84 85 86 87 88 89 90 91 92 93 94 95 96 97 98 99 100 101 102 103 104 105 106 107 108 109 110 111 112 113 114 115 116 117 118 119 120 121 122 123 124 125 126 127 128 129 130 131 132 133 134 135 136 137 138 139 140 141 142 143 144 145 146 147 148 149 150 151 152 153 154 155 156 157 158 159 160 161 162 163 164 165 166 167 168 169 170 171 172 173 174 175 176 177 178 179 180 181 182 183 184 185 186 187 188 189 190 191 192 193 194 195 196 197 198 199 200 201 202 203 204 205 206 207 208 209 210 211 212 213 214 215 216 217 218 219 220 221 222 223 224 225 226 227 228 229 230 231 232 233 234 235 236 237 238 239 240 241 242 243 244 245 246 247 248 249 250 251 252 253 254 255 256 257 258 259 260 261 262 263 264 265 266 267 268 269 270 271 272 273 274 275 276 277 278 279 280 281 282 283 284 285 286 287 288 289 290 291 292 293 294 295 296 297 298 299 300 301 302 303 304 305 306 307 308 309 310 311 312 313 314 315 316 317 318 319 320 321 322 323 324 325 326 327 328 329 330 331 332 333 334 335 336 337 338 339 340 341 342 343 344 345 346 347 348 349 350 351 352 353 354 355 356 357 358 359 360 361 362 363 364 365 366 367 368 369 370 371 372 373 374 375 376 377 378 379 380 381 382 383 384 385 386 387 388 389 390 391 392 393 394 395 396 397 398 399 400 401 402 403 404 405 406 407 408 409 410 411 412 413 414 415 416 417 418 419 420 421 422 423 424 425 426 427 428 429 430 431 432 433 434 435 436 437 438 439 440 441 442 443 444 445 446 447 448 449 450 451 452 453 454 455 456 457 458 459 460 461 462 463 464 465 466 467 468 469 470 471 472 473 474 475 476 477 478 479 480 481 482 483 484 485 486 487 488 489 490 491 492 493 494 495 496 497 498 499 500 501 502 503 504 505 506 507 508 509 510 511 512 513 514 515 516 517 518 519 520 521 522 523 524 525 526 527 528 529 530 531 532 533 534 535 536 537 538 539 540 541 542 543 544 545 546 547 548 549 550 551 552 553 554 555 556 557 558 559 560 561 562 563 564 565 566 567 568 569 570 571 572 573 574 575 576 577 578 579 580 581 582 583 584 585 586 587 588 589 590 591 592 593 594 595 596 597 598 599 600 601 602 603 604 605 606 607 608 609 610 611 612 613 614 615 616 617 618 619 620 621 622 623 624 625 626 627 628 629 630 631 632 633 634 635 636 637 638 639 640 641 642 643 644 645 646 647 648 649 650 651 652 653 654 655 656 657 658 659 660 661 662 663 664 665 666 667 668 669 670 671 672 673 674 675 676 677 678 679 680 681 682 683 684 685 686 687 688 689 690 691 692 693 694 695 696 697 698 699 700 701 702 703 704 705 706 707 708 709 710 711 712 713 714 715 716 717 718 719 720 721 722 723 724 725 726 727 728 729 730 731 732 733 734 735 736 737 738 739 740 741 742 743 744 745 746 747 748 749 750 751 752 753 754 755 756 757 758 759 760 761 762 763 764 765 766 767 768 769 770 771 772 773 774 775 776 777 778 779 780 781 782 783 784 785 786 787 788 789 790 791 792 793 794 795 796 797 798 799 800 801 802 803 804 805 806 807 808 809 810 811 812 813 814 815 816 817 818 819 820 821 822 823 824 825 826 827 828 829 830 831 832 833 834 835 836 837 838 839 840 841 842 843 844 845 846 847 848 849 850 851 852 853 854 855 856 857 858 859 860 861 862 863 864 865 866 867 868 869 870 871 872 873 874 875 876 877 878 879 880 881 882 883 884 885 886 887 888 889 890 891 892 893 894 895 896 897 898 899 900 901 902 903 904 905 906 907 908 909 910 911 912 913 914 915 916 917 918 919 920 921 922 923 924 925 926 927 928 929 930 931 932 933 934 935 936 937 938 939 940 941 942 943 944 945 946 947 948 949 950 951 952 953 954 955 956 957 958 959 960 961 962 963 964 965 966 967 968 969 970 971 972 973 974 975 976 977 978 979 980 981 982 983 984 985 986 987 988 989 990 991 992 993 994 995 996 997 998 999 1000

# Precedence arcs (E)
1 134
2 134
3 134
4 134
5 558
6 118
7 52
8 52
9 52
10 440
11 589
13 38
14 431
15 36
15 46
16 37
16 45
16 66
18 32
18 35
18 42
19 28
19 43
20 101
21 39
22 30
22 41
23 47
25 29
25 33
26 31
26 34
26 40
27 44
28 134
29 134
30 134
31 118
32 118
33 52
34 52
35 514
36 381
37 381
38 62
38 69
39 48
39 53
39 247
40 57
41 56
41 66
42 50
42 63
42 64
42 65
42 68
43 55
43 58
43 60
43 70
44 51
44 59
45 61
46 49
46 67
47 54
48 558
49 558
50 588
51 783
52 74
52 75
52 76
52 77
52 78
52 79
52 80
52 81
52 82
52 83
52 84
52 85
52 86
52 87
52 88
52 89
52 90
53 275
54 325
57 73
59 72
59 96
60 92
61 93
65 71
65 896
66 91
66 94
70 95
71 513
72 322
73 118
74 114
75 97
76 566
80 112
81 111
81 764
83 108
83 115
84 101
84 109
87 103
88 219
90 99
90 100
90 107
90 110
91 105
91 106
93 104
94 410
95 102
95 113
96 98
97 134
98 118
99 275
100 275
101 440
102 116
102 121
103 987
105 122
105 963
106 125
107 117
107 120
108 133
109 119
109 126
110 127
111 130
111 591
114 128
115 123
115 124
115 129
115 131
115 132
116 134
117 558
118 136
118 137
118 138
118 139
118 140
118 141
120 142
121 145
122 603
123 144
123 151
123 561
124 149
124 153
126 143
127 154
128 259
128 392
129 146
129 152
131 135
131 203
132 147
132 148
132 150
132 798
134 155
134 156
134 157
134 158
134 159
134 176
135 513
136 604
137 167
139 166
140 160
140 171
141 164
141 165
141 173
142 382
143 163
144 336
145 174
148 187
150 169
151 172
151 175
153 168
154 161
154 162
154 170
155 513
156 322
157 783
158 275
159 186
160 513
161 604
162 514
163 381
164 381
165 179
166 187
166 194
167 190
168 180
168 188
168 192
171 181
171 185
172 189
172 193
172 195
174 177
174 178
174 183
176 182
176 184
176 191
176 798
177 275
178 275
179 589
180 201
181 197
181 200
182 208
183 703
184 213
185 198
185 199
185 210
185 211
186 206
187 207
188 212
189 975
190 196
190 458
190 552
191 203
192 202
192 204
192 205
193 215
193 217
194 214
194 216
194 785
195 209
196 322
197 558
198 558
199 275
200 440
201 325
202 224
202 225
203 219
203 256
207 223
210 222
212 220
213 221
214 226
214 229
215 218
215 789
216 227
217 228
218 440
219 325
220 589
221 250
221 251
221 601
222 234
222 240
223 230
223 232
223 238
223 241
224 236
224 239
224 245
225 231
225 244
225 246
225 252
226 242
226 249
227 247
227 857
228 233
228 235
228 237
228 812
229 243
229 248
230 588
231 381
232 259
232 271
233 267
234 254
234 272
235 261
237 258
239 991
242 260
244 253
244 268
245 262
245 266
246 255
246 508
247 264
248 256
248 265
249 257
249 269
250 263
251 273
252 270
253 275
254 275
255 325
256 284
256 287
257 281
258 276
258 290
259 289
260 278
261 363
262 285
264 282
267 283
268 279
269 280
270 274
270 286
271 288
272 291
273 277
274 604
275 294
275 295
275 296
275 297
275 298
275 299
275 300
275 301
275 302
275 303
275 304
275 305
275 306
275 307
275 308
275 309
275 310
275 311
278 341
279 333
281 316
284 320
284 494
286 312
286 321
287 313
288 943
289 293
289 314
289 319
290 315
290 318
291 292
291 317
291 366
292 513
293 322
294 381
295 325
296 324
296 331
297 326
297 327
298 771
299 329
299 343
300 341
300 380
302 323
302 340
303 336
304 452
307 328
309 342
312 333
313 335
315 332
315 485
316 588
317 338
317 898
318 330
320 339
321 334
321 337
322 344
322 345
322 346
322 347
322 355
323 440
324 514
325 348
325 349
325 350
325 351
325 352
325 353
325 354
326 589
327 359
328 724
331 472
334 356
341 361
342 357
342 358
342 360
343 362
344 514
345 589
346 519
349 369
349 370
349 372
349 761
350 373
352 377
352 378
355 375
356 368
356 374
357 364
357 365
357 367
358 363
361 376
362 366
362 371
363 558
364 381
365 383
365 394
366 390
367 391
368 386
368 387
370 385
370 393
371 395
372 384
372 392
373 397
374 382
375 380
376 388
376 389
376 955
378 379
378 396
379 558
380 588
381 399
381 400
381 401
381 402
382 589
383 589
384 406
384 419
384 422
385 403
385 420
385 421
386 404
386 661
387 409
387 417
389 412
389 416
390 494
391 405
391 414
393 415
393 663
395 410
395 413
396 398
396 407
396 411
396 713
397 408
397 418
398 513
403 433
403 477
404 425
405 487
407 650
408 428
408 429
410 435
412 427
412 430
412 436
413 439
414 423
414 431
416 426
416 434
416 437
419 432
419 438
420 424
421 750
421 917
423 604
424 440
425 931
426 445
427 442
427 457
427 458
428 452
429 459
430 450
431 449
433 456
435 451
435 453
435 454
436 441
436 443
436 444
436 455
437 447
438 448
439 446
440 460
440 461
440 462
440 463
440 464
442 465
442 469
444 473
445 472
445 716
446 474
447 696
448 471
450 467
451 466
451 476
454 475
454 1000
455 468
459 470
462 480
462 489
463 490
465 478
465 761
466 479
466 492
467 483
468 482
468 986
469 484
469 491
469 908
473 486
474 481
474 487
475 485
475 494
476 477
476 488
476 493
477 513
478 783
479 514
480 514
483 498
486 507
487 508
488 495
488 496
488 505
488 506
488 511
490 499
491 500
492 504
492 509
492 512
493 502
494 497
494 501
494 503
494 510
495 513
496 514
497 589
498 521
503 524
504 516
504 520
504 522
504 529
505 517
505 748
506 525
507 515
508 528
509 526
510 518
510 527
510 987
512 519
512 523
513 530
513 531
513 532
513 533
513 534
514 535
514 536
514 537
514 538
514 539
514 540
514 541
514 542
514 543
514 544
514 545
514 546
514 556
514 557
515 547
516 555
517 549
517 719
519 551
519 553
522 552
524 656
525 550
527 548
528 554
530 558
532 948
535 560
535 564
537 562
537 575
538 559
539 576
540 566
543 574
545 637
547 561
548 567
548 569
548 571
549 568
551 572
553 563
553 570
553 573
555 577
556 565
557 991
558 579
558 580
558 581
558 582
558 583
558 584
558 585
558 586
558 587
558 600
559 588
560 783
561 589
563 591
566 595
567 597
569 592
570 590
570 603
570 946
572 578
572 594
572 596
573 601
574 593
574 599
574 879
576 753
577 598
577 602
578 604
581 627
582 622
588 605
588 606
588 607
588 608
588 609
588 610
588 611
589 612
589 613
589 614
589 615
589 616
589 617
589 618
589 619
589 620
589 621
589 628
597 626
598 625
599 684
602 624
603 623
603 731
604 629
604 630
604 631
604 632
604 633
604 634
604 635
604 636
605 642
606 639
611 645
614 640
615 638
620 643
624 641
624 927
626 644
627 637
629 654
629 655
629 701
633 648
633 657
633 658
634 656
635 649
638 653
640 659
641 646
641 661
643 660
644 647
644 650
644 651
644 652
646 783
647 669
647 672
648 678
649 663
649 671
650 665
650 668
651 674
652 673
652 676
656 667
656 670
657 666
657 677
658 675
660 664
661 662
662 685
662 691
662 698
664 695
664 699
665 683
665 687
665 689
665 960
666 728
667 686
667 692
668 693
669 688
670 697
671 738
672 679
673 694
673 696
674 681
675 680
675 690
676 682
677 684
677 693
679 783
681 840
682 705
682 712
683 707
683 711
684 702
684 714
685 706
686 717
686 718
687 701
687 704
688 703
688 713
688 719
689 708
689 710
692 715
696 709
698 700
698 716
700 783
701 721
701 733
702 723
706 722
706 724
712 725
712 727
712 730
713 898
714 731
715 728
715 729
715 732
716 992
717 720
719 726
720 739
720 744
722 742
722 743
723 745
725 939
726 738
726 747
728 984
729 737
729 740
729 741
730 735
732 736
732 746
733 734
734 783
736 757
737 761
738 754
738 758
740 755
740 756
741 752
742 760
743 751
743 753
744 749
744 763
745 748
745 750
746 762
747 759
748 766
749 775
750 764
750 780
750 781
751 782
752 768
752 772
753 779
754 769
755 770
757 771
757 776
757 777
758 767
759 765
760 778
760 925
761 774
763 773
763 876
764 783
771 789
772 787
772 790
773 791
774 793
774 794
776 792
776 796
777 792
778 788
778 795
779 784
779 785
781 786
781 797
782 798
783 799
783 800
783 801
783 802
783 804
785 808
786 813
790 806
790 811
791 809
792 807
792 812
793 805
794 810
796 803
796 854
801 821
803 814
803 824
804 816
804 822
805 826
806 815
806 820
806 827
807 819
807 823
807 825
808 818
811 985
813 817
815 829
815 838
816 830
816 835
817 837
817 841
818 831
818 832
818 834
818 840
819 828
819 833
819 844
820 845
820 846
823 843
824 839
826 842
827 836
828 861
830 857
831 856
832 862
834 855
837 853
841 847
841 852
841 858
841 860
842 850
842 851
843 863
844 854
844 859
845 848
845 849
846 849
848 865
851 864
852 869
853 877
854 874
855 867
855 875
858 868
858 871
859 870
862 872
862 873
863 866
863 876
865 880
866 887
866 992
868 878
869 884
870 889
871 888
873 882
873 883
874 886
875 879
876 885
877 881
878 899
878 908
879 896
880 898
880 900
881 891
881 906
882 901
883 895
884 897
884 907
886 892
886 894
886 903
886 905
887 890
887 904
889 893
889 902
890 924
891 919
891 920
893 917
893 918
893 927
894 912
896 910
896 915
897 913
897 914
898 916
904 911
904 921
906 910
906 925
907 909
907 923
908 922
908 926
909 938
910 937
911 931
912 940
912 942
914 939
915 928
917 930
920 933
920 935
921 936
925 929
926 932
926 941
927 934
928 953
928 961
928 963
929 949
929 951
929 958
930 945
930 956
932 954
933 962
934 944
934 957
936 947
937 950
937 952
937 959
937 971
938 946
938 955
940 948
941 943
941 960
944 966
946 965
946 968
947 985
949 964
950 970
952 972
953 973
956 971
960 969
961 967
964 977
965 986
966 974
966 979
967 983
969 975
969 984
970 980
970 982
971 981
971 985
972 976
972 987
973 978
975 996
980 990
981 995
982 993
982 999
983 992
983 994
983 998
983 1000
984 991
985 988
985 997
986 989

# Target components (T)
899 632 360

# Revenues (r)
1 24
2 22
3 29
4 29
5 29
6 28
7 26
8 20
9 29
10 24
11 21
12 21
13 22
14 28
15 24
16 24
17 25
18 28
19 29
20 25
21 29
22 27
23 25
24 28
25 30
26 25
27 25
28 30
29 25
30 25
31 29
32 24
33 24
34 22
35 21
36 21
37 23
38 28
39 20
40 28
41 30
42 22
43 25
44 22
45 28
46 28
47 29
48 25
49 21
50 28
51 22
52 25
53 20
54 23
55 24
56 25
57 29
58 22
59 29
60 27
61 30
62 26
63 29
64 23
65 28
66 22
67 27
68 28
69 27
70 25
71 30
72 29
73 22
74 26
75 28
76 25
77 22
78 27
79 29
80 23
81 26
82 25
83 25
84 21
85 21
86 22
87 26
88 30
89 26
90 24
91 22
92 20
93 30
94 21
95 20
96 22
97 24
98 23
99 28
100 21
101 30
102 23
103 25
104 21
105 24
106 20
107 20
108 29
109 23
110 22
111 30
112 29
113 21
114 27
115 23
116 21
117 20
118 23
119 24
120 29
121 20
122 26
123 21
124 30
125 21
126 20
127 27
128 27
129 26
130 30
131 20
132 25
133 29
134 24
135 27
136 27
137 29
138 20
139 26
140 24
141 27
142 22
143 21
144 23
145 27
146 22
147 23
148 28
149 20
150 20
151 30
152 25
153 28
154 28
155 29
156 26
157 22
158 28
159 25
160 27
161 22
162 24
163 23
164 29
165 23
166 26
167 24
168 30
169 30
170 27
171 21
172 28
173 24
174 26
175 24
176 21
177 29
178 21
179 25
180 30
181 23
182 22
183 29
184 23
185 29
186 29
187 28
188 30
189 29
190 22
191 28
192 26
193 24
194 27
195 22
196 26
197 30
198 27
199 22
200 27
201 28
202 25
203 26
204 22
205 24
206 23
207 20
208 26
209 24
210 23
211 30
212 23
213 21
214 23
215 20
216 22
217 21
218 20
219 27
220 25
221 24
222 25
223 24
224 28
225 28
226 30
227 20
228 26
229 20
230 28
231 28
232 20
233 22
234 29
235 29
236 26
237 26
238 26
239 25
240 23
241 23
242 21
243 24
244 20
245 29
246 30
247 28
248 29
249 30
250 22
251 20
252 23
253 25
254 28
255 29
256 24
257 25
258 24
259 22
260 26
261 20
262 27
263 27
264 24
265 20
266 20
267 26
268 25
269 21
270 22
271 21
272 21
273 29
274 30
275 28
276 28
277 26
278 21
279 20
280 29
281 29
282 29
283 23
284 26
285 30
286 20
287 25
288 25
289 30
290 21
291 20
292 30
293 23
294 21
295 29
296 22
297 29
298 23
299 21
300 26
301 27
302 20
303 21
304 20
305 20
306 21
307 30
308 29
309 20
310 20
311 25
312 25
313 29
314 29
315 21
316 27
317 26
318 20
319 20
320 26
321 30
322 28
323 28
324 29
325 21
326 26
327 28
328 25
329 25
330 30
331 23
332 29
333 24
334 25
335 22
336 24
337 30
338 28
339 30
340 28
341 25
342 25
343 21
344 28
345 20
346 22
347 27
348 22
349 20
350 20
351 25
352 23
353 21
354 29
355 25
356 25
357 30
358 21
359 28
360 22
361 29
362 23
363 23
364 23
365 27
366 21
367 23
368 27
369 30
370 21
371 25
372 22
373 28
374 22
375 22
376 26
377 23
378 25
379 29
380 24
381 23
382 22
383 22
384 30
385 28
386 23
387 21
388 28
389 25
390 27
391 29
392 24
393 28
394 27
395 23
396 20
397 24
398 29
399 26
400 24
401 29
402 30
403 23
404 29
405 27
406 24
407 27
408 23
409 27
410 28
411 22
412 28
413 23
414 30
415 29
416 27
417 25
418 21
419 23
420 28
421 29
422 22
423 28
424 28
425 27
426 25
427 23
428 20
429 23
430 27
431 22
432 29
433 25
434 24
435 25
436 28
437 24
438 28
439 28
440 20
441 25
442 21
443 25
444 30
445 22
446 28
447 26
448 27
449 27
450 27
451 20
452 22
453 29
454 29
455 30
456 21
457 26
458 28
459 30
460 21
461 24
462 22
463 24
464 23
465 24
466 29
467 21
468 23
469 28
470 20
471 28
472 22
473 26
474 30
475 29
476 27
477 26
478 24
479 21
480 25
481 30
482 21
483 22
484 21
485 24
486 23
487 29
488 20
489 22
490 29
491 21
492 20
493 28
494 23
495 25
496 22
497 25
498 24
499 20
500 26
501 28
502 21
503 20
504 22
505 26
506 24
507 21
508 20
509 24
510 28
511 24
512 27
513 21
514 26
515 21
516 24
517 24
518 27
519 27
520 24
521 23
522 27
523 30
524 28
525 26
526 21
527 30
528 24
529 25
530 23
531 24
532 20
533 22
534 21
535 21
536 24
537 23
538 26
539 28
540 20
541 30
542 25
543 30
544 29
545 23
546 26
547 27
548 25
549 28
550 30
551 24
552 22
553 23
554 27
555 24
556 29
557 30
558 26
559 25
560 29
561 24
562 29
563 28
564 29
565 24
566 26
567 21
568 26
569 22
570 25
571 27
572 25
573 27
574 29
575 22
576 25
577 27
578 23
579 20
580 26
581 21
582 24
583 24
584 30
585 23
586 30
587 21
588 29
589 28
590 26
591 23
592 24
593 25
594 27
595 24
596 22
597 21
598 21
599 30
600 22
601 20
602 24
603 26
604 20
605 26
606 25
607 21
608 28
609 22
610 30
611 24
612 29
613 23
614 24
615 20
616 25
617 24
618 26
619 25
620 29
621 27
622 26
623 30
624 28
625 25
626 24
627 22
628 29
629 26
630 30
631 25
632 20
633 20
634 27
635 23
636 20
637 24
638 23
639 23
640 23
641 26
642 22
643 23
644 23
645 29
646 23
647 27
648 21
649 23
650 30
651 27
652 22
653 26
654 21
655 21
656 29
657 26
658 27
659 30
660 20
661 27
662 22
663 24
664 20
665 21
666 30
667 24
668 24
669 20
670 27
671 24
672 26
673 22
674 29
675 21
676 24
677 22
678 28
679 25
680 28
681 20
682 29
683 30
684 28
685 30
686 27
687 28
688 25
689 21
690 24
691 30
692 23
693 24
694 27
695 27
696 29
697 25
698 20
699 27
700 23
701 23
702 21
703 27
704 24
705 23
706 26
707 22
708 22
709 24
710 28
711 20
712 28
713 21
714 29
715 29
716 22
717 26
718 29
719 22
720 24
721 28
722 25
723 29
724 27
725 20
726 27
727 28
728 27
729 22
730 20
731 23
732 28
733 22
734 28
735 20
736 22
737 26
738 28
739 27
740 28
741 27
742 28
743 25
744 27
745 23
746 23
747 21
748 27
749 29
750 26
751 30
752 30
753 26
754 26
755 23
756 28
757 25
758 24
759 29
760 26
761 23
762 26
763 28
764 30
765 23
766 29
767 28
768 20
769 21
770 25
771 29
772 22
773 30
774 22
775 27
776 25
777 29
778 30
779 24
780 27
781 30
782 23
783 21
784 20
785 27
786 22
787 27
788 21
789 20
790 29
791 24
792 29
793 22
794 22
795 24
796 29
797 29
798 21
799 30
800 23
801 25
802 29
803 29
804 23
805 28
806 30
807 30
808 24
809 22
810 26
811 25
812 22
813 27
814 28
815 25
816 29
817 30
818 20
819 25
820 27
821 22
822 30
823 24
824 26
825 23
826 24
827 21
828 24
829 23
830 22
831 29
832 29
833 21
834 29
835 30
836 23
837 25
838 29
839 24
840 26
841 30
842 23
843 25
844 30
845 25
846 23
847 27
848 25
849 28
850 30
851 28
852 26
853 23
854 25
855 28
856 24
857 23
858 21
859 21
860 21
861 25
862 22
863 23
864 28
865 28
866 27
867 23
868 24
869 30
870 28
871 25
872 22
873 25
874 30
875 21
876 25
877 25
878 27
879 24
880 20
881 21
882 27
883 30
884 24
885 23
886 27
887 25
888 29
889 30
890 26
891 25
892 21
893 30
894 22
895 24
896 28
897 20
898 25
899 26
900 27
901 26
902 22
903 26
904 21
905 21
906 29
907 20
908 20
909 20
910 25
911 30
912 26
913 21
914 24
915 26
916 20
917 29
918 29
919 21
920 27
921 29
922 20
923 30
924 22
925 29
926 30
927 26
928 27
929 30
930 28
931 20
932 30
933 28
934 29
935 24
936 21
937 22
938 29
939 30
940 21
941 30
942 22
943 27
944 22
945 29
946 23
947 20
948 22
949 22
950 23
951 30
952 26
953 21
954 26
955 23
956 29
957 28
958 20
959 22
960 28
961 27
962 21
963 25
964 22
965 26
966 26
967 23
968 25
969 30
970 20
971 20
972 23
973 22
974 28
975 28
976 20
977 28
978 21
979 21
980 23
981 25
982 29
983 27
984 26
985 25
986 23
987 22
988 26
989 25
990 23
991 22
992 24
993 20
994 21
995 24
996 26
997 24
998 27
999 22
1000 29

# Costs (c)
1 6
2 3
3 6
4 5
5 7
6 1
7 8
8 6
9 2
10 5
11 2
12 4
13 7
14 6
15 3
16 9
17 6
18 10
19 4
20 4
21 9
22 4
23 3
24 2
25 3
26 7
27 4
28 10
29 6
30 1
31 6
32 3
33 9
34 1
35 5
36 1
37 1
38 8
39 8
40 5
41 6
42 2
43 7
44 7
45 10
46 1
47 4
48 6
49 2
50 6
51 9
52 2
53 1
54 8
55 8
56 5
57 10
58 5
59 4
60 7
61 10
62 9
63 9
64 2
65 6
66 1
67 5
68 7
69 5
70 8
71 9
72 4
73 4
74 1
75 9
76 4
77 7
78 2
79 7
80 8
81 4
82 2
83 9
84 8
85 2
86 1
87 3
88 8
89 1
90 1
91 9
92 4
93 10
94 5
95 3
96 1
97 9
98 10
99 5
100 10
101 5
102 7
103 2
104 3
105 1
106 6
107 1
108 1
109 7
110 9
111 7
112 5
113 4
114 9
115 6
116 7
117 6
118 7
119 2
120 10
121 6
122 1
123 5
124 7
125 3
126 9
127 4
128 7
129 10
130 2
131 4
132 2
133 2
134 3
135 9
136 1
137 4
138 4
139 6
140 5
141 3
142 3
143 6
144 10
145 4
146 7
147 8
148 9
149 7
150 10
151 6
152 4
153 2
154 6
155 2
156 3
157 3
158 4
159 10
160 3
161 1
162 8
163 9
164 4
165 2
166 6
167 7
168 5
169 6
170 3
171 7
172 9
173 6
174 10
175 3
176 3
177 8
178 5
179 4
180 8
181 6
182 5
183 3
184 4
185 9
186 10
187 7
188 3
189 10
190 5
191 6
192 1
193 3
194 3
195 7
196 9
197 8
198 10
199 8
200 5
201 2
202 2
203 9
204 4
205 6
206 4
207 2
208 7
209 9
210 2
211 10
212 3
213 7
214 1
215 8
216 9
217 4
218 7
219 5
220 5
221 1
222 10
223 8
224 10
225 3
226 5
227 5
228 7
229 2
230 1
231 6
232 8
233 8
234 3
235 1
236 5
237 9
238 7
239 1
240 10
241 10
242 10
243 1
244 3
245 5
246 9
247 9
248 3
249 3
250 2
251 2
252 1
253 9
254 4
255 9
256 2
257 10
258 4
259 6
260 2
261 10
262 9
263 10
264 6
265 3
266 4
267 6
268 7
269 4
270 4
271 2
272 10
273 10
274 2
275 6
276 2
277 7
278 4
279 8
280 2
281 1
282 6
283 3
284 3
285 3
286 5
287 7
288 8
289 10
290 5
291 7
292 5
293 6
294 1
295 8
296 7
297 10
298 10
299 7
300 3
301 2
302 8
303 3
304 10
305 9
306 9
307 1
308 10
309 9
310 7
311 10
312 6
313 4
314 6
315 5
316 4
317 7
318 10
319 6
320 2
321 2
322 7
323 8
324 6
325 1
326 10
327 5
328 2
329 1
330 8
331 6
332 9
333 4
334 3
335 2
336 9
337 2
338 5
339 3
340 6
341 1
342 7
343 10
344 5
345 3
346 1
347 4
348 2
349 5
350 2
351 3
352 6
353 7
354 2
355 4
356 6
357 9
358 3
359 1
360 8
361 3
362 5
363 5
364 4
365 3
366 10
367 8
368 9
369 9
370 10
371 2
372 7
373 1
374 6
375 2
376 10
377 4
378 4
379 1
380 10
381 3
382 4
383 5
384 8
385 5
386 4
387 6
388 4
389 3
390 6
391 6
392 3
393 7
394 8
395 1
396 6
397 4
398 3
399 4
400 5
401 10
402 3
403 7
404 4
405 10
406 8
407 1
408 5
409 7
410 10
411 7
412 2
413 2
414 3
415 4
416 7
417 9
418 3
419 5
420 4
421 9
422 2
423 10
424 9
425 7
426 8
427 4
428 10
429 6
430 10
431 7
432 10
433 4
434 10
435 4
436 5
437 8
438 5
439 5
440 10
441 10
442 9
443 9
444 9
445 2
446 1
447 7
448 3
449 6
450 4
451 5
452 3
453 8
454 9
455 9
456 1
457 7
458 4
459 8
460 5
461 9
462 8
463 7
464 5
465 2
466 5
467 10
468 2
469 4
470 2
471 3
472 8
473 10
474 4
475 7
476 7
477 2
478 5
479 3
480 6
481 5
482 2
483 3
484 4
485 5
486 3
487 10
488 8
489 2
490 4
491 3
492 7
493 8
494 3
495 3
496 2
497 5
498 3
499 10
500 9
501 3
502 8
503 10
504 4
505 10
506 6
507 1
508 1
509 10
510 5
511 7
512 1
513 2
514 4
515 9
516 8
517 5
518 3
519 7
520 9
521 4
522 5
523 8
524 7
525 3
526 7
527 2
528 9
529 5
530 8
531 9
532 8
533 1
534 3
535 5
536 3
537 2
538 4
539 9
540 3
541 10
542 4
543 2
544 8
545 9
546 4
547 9
548 1
549 4
550 3
551 7
552 4
553 7
554 6
555 1
556 2
557 8
558 5
559 2
560 9
561 7
562 5
563 6
564 1
565 1
566 1
567 6
568 8
569 10
570 7
571 10
572 3
573 6
574 9
575 2
576 5
577 8
578 9
579 2
580 10
581 7
582 9
583 6
584 9
585 1
586 3
587 10
588 6
589 7
590 9
591 10
592 5
593 2
594 9
595 4
596 1
597 9
598 2
599 4
600 7
601 1
602 9
603 10
604 2
605 6
606 7
607 5
608 4
609 8
610 4
611 6
612 8
613 5
614 5
615 8
616 1
617 4
618 10
619 10
620 4
621 7
622 3
623 4
624 7
625 10
626 3
627 4
628 1
629 7
630 1
631 8
632 2
633 8
634 10
635 2
636 5
637 6
638 4
639 10
640 2
641 7
642 1
643 8
644 1
645 1
646 4
647 2
648 10
649 7
650 4
651 5
652 1
653 7
654 9
655 9
656 2
657 3
658 8
659 4
660 1
661 3
662 9
663 4
664 6
665 3
666 6
667 9
668 4
669 5
670 7
671 1
672 3
673 4
674 3
675 1
676 4
677 8
678 2
679 5
680 3
681 2
682 9
683 6
684 2
685 5
686 10
687 1
688 9
689 8
690 4
691 2
692 6
693 7
694 1
695 10
696 3
697 1
698 3
699 7
700 2
701 5
702 7
703 4
704 9
705 5
706 2
707 5
708 3
709 4
710 10
711 10
712 7
713 5
714 3
715 6
716 8
717 3
718 10
719 4
720 5
721 6
722 8
723 1
724 4
725 7
726 4
727 9
728 8
729 6
730 7
731 5
732 10
733 5
734 9
735 9
736 3
737 2
738 7
739 5
740 6
741 6
742 4
743 7
744 4
745 8
746 8
747 9
748 6
749 9
750 9
751 3
752 1
753 9
754 9
755 2
756 6
757 7
758 1
759 3
760 8
761 9
762 3
763 4
764 10
765 8
766 4
767 3
768 3
769 9
770 9
771 9
772 10
773 10
774 2
775 10
776 8
777 10
778 9
779 7
780 2
781 3
782 9
783 1
784 8
785 8
786 9
787 1
788 3
789 10
790 3
791 2
792 3
793 1
794 9
795 1
796 4
797 2
798 5
799 2
800 1
801 8
802 5
803 7
804 4
805 4
806 9
807 2
808 1
809 2
810 1
811 4
812 6
813 8
814 2
815 2
816 7
817 6
818 6
819 8
820 3
821 3
822 9
823 2
824 8
825 3
826 10
827 1
828 3
829 7
830 6
831 9
832 7
833 4
834 10
835 4
836 6
837 3
838 10
839 4
840 9
841 6
842 10
843 4
844 8
845 9
846 9
847 6
848 9
849 10
850 5
851 7
852 4
853 2
854 10
855 2
856 1
857 10
858 4
859 6
860 7
861 7
862 5
863 1
864 10
865 4
866 5
867 5
868 2
869 1
870 5
871 5
872 5
873 5
874 9
875 9
876 5
877 5
878 1
879 10
880 8
881 9
882 2
883 9
884 9
885 5
886 3
887 6
888 10
889 4
890 4
891 5
892 2
893 8
894 9
895 8
896 3
897 7
898 9
899 9
900 7
901 10
902 2
903 1
904 8
905 9
906 6
907 9
908 1
909 9
910 1
911 10
912 4
913 9
914 2
915 10
916 7
917 2
918 8
919 8
920 8
921 8
922 3
923 3
924 5
925 2
926 6
927 5
928 6
929 6
930 1
931 3
932 2
933 4
934 3
935 10
936 9
937 5
938 7
939 7
940 3
941 3
942 3
943 10
944 1
945 7
946 3
947 2
948 8
949 5
950 1
951 6
952 1
953 5
954 5
955 4
956 10
957 5
958 3
959 7
960 1
961 9
962 9
963 10
964 8
965 3
966 1
967 8
968 1
969 2
970 3
971 9
972 4
973 10
974 10
975 4
976 8
977 4
978 7
979 7
980 5
981 9
982 7
983 1
984 9
985 7
986 2
987 9
988 10
989 6
990 1
991 4
992 3
993 4
994 3
995 3
996 10
997 2
998 4
999 3
1000 2

# Durations (p)
1 193
2 49
3 60
4 120
5 79
6 261
7 144
8 152
9 205
10 24
11 65
12 154
13 152
14 81
15 148
16 107
17 46
18 208
19 94
20 137
21 282
22 154
23 203
24 133
25 89
26 143
27 180
28 120
29 81
30 213
31 104
32 88
33 84
34 78
35 157
36 117
37 82
38 173
39 177
40 250
41 50
42 141
43 269
44 270
45 325
46 42
47 233
48 80
49 305
50 28
51 35
52 57
53 281
54 52
55 81
56 196
57 166
58 80
59 142
60 94
61 37
62 81
63 184
64 130
65 123
66 104
67 164
68 28
69 55
70 76
71 206
72 106
73 226
74 175
75 164
76 65
77 148
78 138
79 117
80 75
81 177
82 52
83 188
84 44
85 35
86 296
87 77
88 117
89 224
90 105
91 105
92 344
93 85
94 375
95 158
96 139
97 129
98 121
99 296
100 116
101 142
102 186
103 148
104 277
105 152
106 75
107 100
108 52
109 90
110 67
111 246
112 64
113 281
114 151
115 135
116 268
117 55
118 226
119 162
120 28
121 75
122 259
123 144
124 88
125 249
126 95
127 56
128 79
129 79
130 79
131 194
132 113
133 168
134 161
135 67
136 118
137 108
138 181
139 35
140 42
141 224
142 86
143 163
144 128
145 134
146 151
147 244
148 57
149 169
150 154
151 57
152 173
153 72
154 128
155 32
156 42
157 108
158 219
159 125
160 284
161 59
162 132
163 175
164 132
165 176
166 27
167 111
168 88
169 139
170 120
171 84
172 149
173 108
174 31
175 79
176 227
177 37
178 148
179 63
180 289
181 133
182 129
183 62
184 168
185 118
186 87
187 161
188 112
189 205
190 56
191 43
192 191
193 56
194 59
195 48
196 111
197 67
198 191
199 160
200 214
201 45
202 247
203 80
204 115
205 253
206 202
207 151
208 153
209 152
210 119
211 54
212 133
213 115
214 31
215 81
216 113
217 37
218 101
219 218
220 280
221 160
222 227
223 44
224 205
225 72
226 129
227 221
228 34
229 112
230 98
231 115
232 40
233 81
234 281
235 107
236 291
237 173
238 35
239 26
240 174
241 65
242 169
243 161
244 78
245 34
246 182
247 102
248 202
249 165
250 206
251 85
252 76
253 148
254 213
255 88
256 115
257 108
258 164
259 97
260 134
261 69
262 45
263 265
264 242
265 256
266 115
267 77
268 142
269 257
270 45
271 46
272 104
273 92
274 257
275 219
276 240
277 141
278 236
279 126
280 233
281 132
282 35
283 139
284 43
285 102
286 68
287 136
288 119
289 30
290 53
291 36
292 30
293 159
294 108
295 96
296 49
297 160
298 143
299 30
300 165
301 192
302 54
303 58
304 104
305 174
306 73
307 153
308 70
309 28
310 303
311 141
312 221
313 115
314 69
315 23
316 211
317 310
318 156
319 132
320 105
321 80
322 312
323 49
324 123
325 123
326 134
327 240
328 221
329 93
330 39
331 50
332 174
333 223
334 206
335 77
336 119
337 275
338 59
339 49
340 52
341 263
342 234
343 209
344 294
345 223
346 159
347 138
348 99
349 42
350 93
351 40
352 177
353 57
354 54
355 100
356 114
357 129
358 186
359 263
360 85
361 41
362 106
363 24
364 133
365 116
366 43
367 51
368 52
369 53
370 196
371 135
372 59
373 125
374 36
375 272
376 112
377 185
378 180
379 172
380 73
381 135
382 147
383 231
384 129
385 93
386 150
387 179
388 227
389 152
390 258
391 322
392 171
393 115
394 136
395 115
396 44
397 24
398 94
399 135
400 241
401 94
402 236
403 258
404 92
405 180
406 201
407 113
408 75
409 77
410 108
411 118
412 221
413 95
414 150
415 66
416 229
417 70
418 44
419 103
420 262
421 29
422 177
423 422
424 317
425 98
426 282
427 28
428 35
429 81
430 227
431 57
432 50
433 112
434 159
435 201
436 344
437 105
438 223
439 37
440 41
441 165
442 183
443 53
444 104
445 35
446 217
447 173
448 79
449 75
450 171
451 56
452 130
453 195
454 170
455 199
456 261
457 234
458 225
459 281
460 235
461 204
462 31
463 34
464 131
465 29
466 233
467 192
468 195
469 88
470 106
471 28
472 129
473 64
474 91
475 21
476 44
477 131
478 54
479 58
480 72
481 266
482 277
483 118
484 151
485 73
486 204
487 105
488 68
489 128
490 128
491 134
492 141
493 171
494 205
495 122
496 130
497 217
498 169
499 198
500 341
501 109
502 46
503 72
504 21
505 88
506 140
507 182
508 242
509 171
510 258
511 162
512 154
513 110
514 182
515 205
516 140
517 55
518 75
519 416
520 62
521 84
522 242
523 174
524 158
525 100
526 115
527 87
528 29
529 105
530 155
531 371
532 81
533 145
534 95
535 261
536 186
537 186
538 63
539 23
540 40
541 90
542 289
543 144
544 125
545 52
546 91
547 343
548 173
549 113
550 64
551 52
552 81
553 25
554 85
555 105
556 35
557 265
558 104
559 194
560 181
561 26
562 51
563 361
564 55
565 96
566 181
567 118
568 35
569 244
570 112
571 71
572 228
573 185
574 140
575 86
576 181
577 44
578 77
579 218
580 119
581 132
582 125
583 150
584 49
585 48
586 162
587 103
588 81
589 72
590 128
591 228
592 200
593 32
594 244
595 60
596 229
597 194
598 49
599 297
600 168
601 47
602 136
603 88
604 101
605 187
606 131
607 201
608 257
609 191
610 142
611 166
612 36
613 106
614 305
615 79
616 112
617 191
618 135
619 48
620 204
621 55
622 248
623 95
624 48
625 24
626 117
627 110
628 192
629 242
630 163
631 36
632 35
633 91
634 157
635 148
636 133
637 50
638 95
639 121
640 87
641 282
642 66
643 327
644 149
645 234
646 168
647 176
648 169
649 209
650 278
651 83
652 218
653 280
654 219
655 205
656 204
657 144
658 54
659 171
660 231
661 59
662 201
663 281
664 175
665 119
666 39
667 53
668 219
669 285
670 207
671 116
672 144
673 24
674 339
675 83
676 89
677 157
678 129
679 92
680 169
681 40
682 263
683 221
684 52
685 232
686 200
687 108
688 95
689 184
690 93
691 200
692 48
693 112
694 119
695 90
696 107
697 101
698 119
699 280
700 328
701 282
702 292
703 155
704 211
705 36
706 329
707 123
708 167
709 73
710 185
711 148
712 94
713 22
714 200
715 191
716 163
717 63
718 134
719 61
720 161
721 35
722 52
723 178
724 239
725 25
726 176
727 257
728 72
729 265
730 283
731 173
732 357
733 112
734 96
735 24
736 235
737 141
738 186
739 45
740 144
741 121
742 126
743 193
744 86
745 198
746 117
747 108
748 41
749 212
750 189
751 105
752 91
753 130
754 61
755 50
756 138
757 188
758 167
759 170
760 50
761 67
762 143
763 145
764 192
765 120
766 224
767 20
768 151
769 154
770 204
771 201
772 149
773 25
774 157
775 137
776 70
777 93
778 142
779 68
780 42
781 75
782 164
783 158
784 123
785 141
786 170
787 115
788 136
789 140
790 192
791 164
792 56
793 45
794 173
795 293
796 33
797 135
798 263
799 379
800 151
801 126
802 160
803 248
804 35
805 159
806 121
807 132
808 238
809 62
810 381
811 132
812 112
813 135
814 73
815 84
816 233
817 157
818 122
819 129
820 221
821 31
822 108
823 212
824 125
825 37
826 46
827 214
828 198
829 93
830 173
831 26
832 32
833 77
834 158
835 181
836 110
837 123
838 294
839 134
840 21
841 187
842 325
843 306
844 155
845 185
846 210
847 147
848 79
849 141
850 188
851 256
852 182
853 250
854 91
855 56
856 48
857 92
858 286
859 106
860 39
861 148
862 77
863 209
864 158
865 128
866 178
867 95
868 64
869 53
870 206
871 123
872 65
873 85
874 126
875 115
876 157
877 24
878 217
879 223
880 149
881 90
882 78
883 123
884 119
885 134
886 86
887 278
888 168
889 68
890 197
891 328
892 197
893 70
894 112
895 97
896 187
897 30
898 286
899 288
900 262
901 130
902 183
903 166
904 241
905 125
906 150
907 215
908 96
909 162
910 122
911 48
912 143
913 41
914 174
915 120
916 151
917 130
918 184
919 103
920 75
921 150
922 139
923 95
924 161
925 107
926 232
927 218
928 88
929 100
930 121
931 169
932 45
933 138
934 43
935 145
936 283
937 260
938 98
939 47
940 216
941 164
942 131
943 66
944 56
945 76
946 164
947 191
948 175
949 78
950 168
951 86
952 81
953 47
954 148
955 46
956 113
957 217
958 238
959 229
960 141
961 37
962 105
963 162
964 119
965 277
966 252
967 240
968 94
969 169
970 155
971 216
972 156
973 249
974 225
975 141
976 217
977 260
978 145
979 106
980 36
981 298
982 241
983 238
984 109
985 104
986 42
987 117
988 131
989 28
990 113
991 173
992 211
993 21
994 212
995 66
996 146
997 123
998 29
999 59
1000 244

orderrules
1 134 au000 avant au133
2 134 au001 avant au133
3 134 au002 avant au133
4 134 au003 avant au133
5 558 au004 avant au557
6 118 au005 avant au117
7 52 au006 avant au051
8 52 au007 avant au051
9 52 au008 avant au051
10 440 au009 avant au439
11 589 au010 avant au588
13 38 au012 avant au037
14 431 au013 avant au430
15 36 au014 avant au035
15 46 au014 avant au045
16 37 au015 avant au036
16 45 au015 avant au044
16 66 au015 avant au065
18 32 au017 avant au031
18 35 au017 avant au034
18 42 au017 avant au041
19 28 au018 avant au027
19 43 au018 avant au042
20 101 au019 avant au100
21 39 au020 avant au038
22 30 au021 avant au029
22 41 au021 avant au040
23 47 au022 avant au046
25 29 au024 avant au028
25 33 au024 avant au032
26 31 au025 avant au030
26 34 au025 avant au033
26 40 au025 avant au039
27 44 au026 avant au043
28 134 au027 avant au133
29 134 au028 avant au133
30 134 au029 avant au133
31 118 au030 avant au117
32 118 au031 avant au117
33 52 au032 avant au051
34 52 au033 avant au051
35 514 au034 avant au513
36 381 au035 avant au380
37 381 au036 avant au380
38 62 au037 avant au061
38 69 au037 avant au068
39 48 au038 avant au047
39 53 au038 avant au052
39 247 au038 avant au246
40 57 au039 avant au056
41 56 au040 avant au055
41 66 au040 avant au065
42 50 au041 avant au049
42 63 au041 avant au062
42 64 au041 avant au063
42 65 au041 avant au064
42 68 au041 avant au067
43 55 au042 avant au054
43 58 au042 avant au057
43 60 au042 avant au059
43 70 au042 avant au069
44 51 au043 avant au050
44 59 au043 avant au058
45 61 au044 avant au060
46 49 au045 avant au048
46 67 au045 avant au066
47 54 au046 avant au053
48 558 au047 avant au557
49 558 au048 avant au557
50 588 au049 avant au587
51 783 au050 avant au782
52 74 au051 avant au073
52 75 au051 avant au074
52 76 au051 avant au075
52 77 au051 avant au076
52 78 au051 avant au077
52 79 au051 avant au078
52 80 au051 avant au079
52 81 au051 avant au080
52 82 au051 avant au081
52 83 au051 avant au082
52 84 au051 avant au083
52 85 au051 avant au084
52 86 au051 avant au085
52 87 au051 avant au086
52 88 au051 avant au087
52 89 au051 avant au088
52 90 au051 avant au089
53 275 au052 avant au274
54 325 au053 avant au324
57 73 au056 avant au072
59 72 au058 avant au071
59 96 au058 avant au095
60 92 au059 avant au091
61 93 au060 avant au092
65 71 au064 avant au070
65 896 au064 avant au895
66 91 au065 avant au090
66 94 au065 avant au093
70 95 au069 avant au094
71 513 au070 avant au512
72 322 au071 avant au321
73 118 au072 avant au117
74 114 au073 avant au113
75 97 au074 avant au096
76 566 au075 avant au565
80 112 au079 avant au111
81 111 au080 avant au110
81 764 au080 avant au763
83 108 au082 avant au107
83 115 au082 avant au114
84 101 au083 avant au100
84 109 au083 avant au108
87 103 au086 avant au102
88 219 au087 avant au218
90 99 au089 avant au098
90 100 au089 avant au099
90 107 au089 avant au106
90 110 au089 avant au109
91 105 au090 avant au104
91 106 au090 avant au105
93 104 au092 avant au103
94 410 au093 avant au409
95 102 au094 avant au101
95 113 au094 avant au112
96 98 au095 avant au097
97 134 au096 avant au133
98 118 au097 avant au117
99 275 au098 avant au274
100 275 au099 avant au274
101 440 au100 avant au439
102 116 au101 avant au115
102 121 au101 avant au120
103 987 au102 avant au986
105 122 au104 avant au121
105 963 au104 avant au962
106 125 au105 avant au124
107 117 au106 avant au116
107 120 au106 avant au119
108 133 au107 avant au132
109 119 au108 avant au118
109 126 au108 avant au125
110 127 au109 avant au126
111 130 au110 avant au129
111 591 au110 avant au590
114 128 au113 avant au127
115 123 au114 avant au122
115 124 au114 avant au123
115 129 au114 avant au128
115 131 au114 avant au130
115 132 au114 avant au131
116 134 au115 avant au133
117 558 au116 avant au557
118 136 au117 avant au135
118 137 au117 avant au136
118 138 au117 avant au137
118 139 au117 avant au138
118 140 au117 avant au139
118 141 au117 avant au140
120 142 au119 avant au141
121 145 au120 avant au144
122 603 au121 avant au602
123 144 au122 avant au143
123 151 au122 avant au150
123 561 au122 avant au560
124 149 au123 avant au148
124 153 au123 avant au152
126 143 au125 avant au142
127 154 au126 avant au153
128 259 au127 avant au258
128 392 au127 avant au391
129 146 au128 avant au145
129 152 au128 avant au151
131 135 au130 avant au134
131 203 au130 avant au202
132 147 au131 avant au146
132 148 au131 avant au147
132 150 au131 avant au149
132 798 au131 avant au797
134 155 au133 avant au154
134 156 au133 avant au155
134 157 au133 avant au156
134 158 au133 avant au157
134 159 au133 avant au158
134 176 au133 avant au175
135 513 au134 avant au512
136 604 au135 avant au603
137 167 au136 avant au166
139 166 au138 avant au165
140 160 au139 avant au159
140 171 au139 avant au170
141 164 au140 avant au163
141 165 au140 avant au164
141 173 au140 avant au172
142 382 au141 avant au381
143 163 au142 avant au162
144 336 au143 avant au335
145 174 au144 avant au173
148 187 au147 avant au186
150 169 au149 avant au168
151 172 au150 avant au171
151 175 au150 avant au174
153 168 au152 avant au167
154 161 au153 avant au160
154 162 au153 avant au161
154 170 au153 avant au169
155 513 au154 avant au512
156 322 au155 avant au321
157 783 au156 avant au782
158 275 au157 avant au274
159 186 au158 avant au185
160 513 au159 avant au512
161 604 au160 avant au603
162 514 au161 avant au513
163 381 au162 avant au380
164 381 au163 avant au380
165 179 au164 avant au178
166 187 au165 avant au186
166 194 au165 avant au193
167 190 au166 avant au189
168 180 au167 avant au179
168 188 au167 avant au187
168 192 au167 avant au191
171 181 au170 avant au180
171 185 au170 avant au184
172 189 au171 avant au188
172 193 au171 avant au192
172 195 au171 avant au194
174 177 au173 avant au176
174 178 au173 avant au177
174 183 au173 avant au182
176 182 au175 avant au181
176 184 au175 avant au183
176 191 au175 avant au190
176 798 au175 avant au797
177 275 au176 avant au274
178 275 au177 avant au274
179 589 au178 avant au588
180 201 au179 avant au200
181 197 au180 avant au196
181 200 au180 avant au199
182 208 au181 avant au207
183 703 au182 avant au702
184 213 au183 avant au212
185 198 au184 avant au197
185 199 au184 avant au198
185 210 au184 avant au209
185 211 au184 avant au210
186 206 au185 avant au205
187 207 au186 avant au206
188 212 au187 avant au211
189 975 au188 avant au974
190 196 au189 avant au195
190 458 au189 avant au457
190 552 au189 avant au551
191 203 au190 avant au202
192 202 au191 avant au201
192 204 au191 avant au203
192 205 au191 avant au204
193 215 au192 avant au214
193 217 au192 avant au216
194 214 au193 avant au213
194 216 au193 avant au215
194 785 au193 avant au784
195 209 au194 avant au208
196 322 au195 avant au321
197 558 au196 avant au557
198 558 au197 avant au557
199 275 au198 avant au274
200 440 au199 avant au439
201 325 au200 avant au324
202 224 au201 avant au223
202 225 au201 avant au224
203 219 au202 avant au218
203 256 au202 avant au255
207 223 au206 avant au222
210 222 au209 avant au221
212 220 au211 avant au219
213 221 au212 avant au220
214 226 au213 avant au225
214 229 au213 avant au228
215 218 au214 avant au217
215 789 au214 avant au788
216 227 au215 avant au226
217 228 au216 avant au227
218 440 au217 avant au439
219 325 au218 avant au324
220 589 au219 avant au588
221 250 au220 avant au249
221 251 au220 avant au250
221 601 au220 avant au600
222 234 au221 avant au233
222 240 au221 avant au239
223 230 au222 avant au229
223 232 au222 avant au231
223 238 au222 avant au237
223 241 au222 avant au240
224 236 au223 avant au235
224 239 au223 avant au238
224 245 au223 avant au244
225 231 au224 avant au230
225 244 au224 avant au243
225 246 au224 avant au245
225 252 au224 avant au251
226 242 au225 avant au241
226 249 au225 avant au248
227 247 au226 avant au246
227 857 au226 avant au856
228 233 au227 avant au232
228 235 au227 avant au234
228 237 au227 avant au236
228 812 au227 avant au811
229 243 au228 avant au242
229 248 au228 avant au247
230 588 au229 avant au587
231 381 au230 avant au380
232 259 au231 avant au258
232 271 au231 avant au270
233 267 au232 avant au266
234 254 au233 avant au253
234 272 au233 avant au271
235 261 au234 avant au260
237 258 au236 avant au257
239 991 au238 avant au990
242 260 au241 avant au259
244 253 au243 avant au252
244 268 au243 avant au267
245 262 au244 avant au261
245 266 au244 avant au265
246 255 au245 avant au254
246 508 au245 avant au507
247 264 au246 avant au263
248 256 au247 avant au255
248 265 au247 avant au264
249 257 au248 avant au256
249 269 au248 avant au268
250 263 au249 avant au262
251 273 au250 avant au272
252 270 au251 avant au269
253 275 au252 avant au274
254 275 au253 avant au274
255 325 au254 avant au324
256 284 au255 avant au283
256 287 au255 avant au286
257 281 au256 avant au280
258 276 au257 avant au275
258 290 au257 avant au289
259 289 au258 avant au288
260 278 au259 avant au277
261 363 au260 avant au362
262 285 au261 avant au284
264 282 au263 avant au281
267 283 au266 avant au282
268 279 au267 avant au278
269 280 au268 avant au279
270 274 au269 avant au273
270 286 au269 avant au285
271 288 au270 avant au287
272 291 au271 avant au290
273 277 au272 avant au276
274 604 au273 avant au603
275 294 au274 avant au293
275 295 au274 avant au294
275 296 au274 avant au295
275 297 au274 avant au296
275 298 au274 avant au297
275 299 au274 avant au298
275 300 au274 avant au299
275 301 au274 avant au300
275 302 au274 avant au301
275 303 au274 avant au302
275 304 au274 avant au303
275 305 au274 avant au304
275 306 au274 avant au305
275 307 au274 avant au306
275 308 au274 avant au307
275 309 au274 avant au308
275 310 au274 avant au309
275 311 au274 avant au310
278 341 au277 avant au340
279 333 au278 avant au332
281 316 au280 avant au315
284 320 au283 avant au319
284 494 au283 avant au493
286 312 au285 avant au311
286 321 au285 avant au320
287 313 au286 avant au312
288 943 au287 avant au942
289 293 au288 avant au292
289 314 au288 avant au313
289 319 au288 avant au318
290 315 au289 avant au314
290 318 au289 avant au317
291 292 au290 avant au291
291 317 au290 avant au316
291 366 au290 avant au365
292 513 au291 avant au512
293 322 au292 avant au321
294 381 au293 avant au380
295 325 au294 avant au324
296 324 au295 avant au323
296 331 au295 avant au330
297 326 au296 avant au325
297 327 au296 avant au326
298 771 au297 avant au770
299 329 au298 avant au328
299 343 au298 avant au342
300 341 au299 avant au340
300 380 au299 avant au379
302 323 au301 avant au322
302 340 au301 avant au339
303 336 au302 avant au335
304 452 au303 avant au451
307 328 au306 avant au327
309 342 au308 avant au341
312 333 au311 avant au332
313 335 au312 avant au334
315 332 au314 avant au331
315 485 au314 avant au484
316 588 au315 avant au587
317 338 au316 avant au337
317 898 au316 avant au897
318 330 au317 avant au329
320 339 au319 avant au338
321 334 au320 avant au333
321 337 au320 avant au336
322 344 au321 avant au343
322 345 au321 avant au344
322 346 au321 avant au345
322 347 au321 avant au346
322 355 au321 avant au354
323 440 au322 avant au439
324 514 au323 avant au513
325 348 au324 avant au347
325 349 au324 avant au348
325 350 au324 avant au349
325 351 au324 avant au350
325 352 au324 avant au351
325 353 au324 avant au352
325 354 au324 avant au353
326 589 au325 avant au588
327 359 au326 avant au358
328 724 au327 avant au723
331 472 au330 avant au471
334 356 au333 avant au355
341 361 au340 avant au360
342 357 au341 avant au356
342 358 au341 avant au357
342 360 au341 avant au359
343 362 au342 avant au361
344 514 au343 avant au513
345 589 au344 avant au588
346 519 au345 avant au518
349 369 au348 avant au368
349 370 au348 avant au369
349 372 au348 avant au371
349 761 au348 avant au760
350 373 au349 avant au372
352 377 au351 avant au376
352 378 au351 avant au377
355 375 au354 avant au374
356 368 au355 avant au367
356 374 au355 avant au373
357 364 au356 avant au363
357 365 au356 avant au364
357 367 au356 avant au366
358 363 au357 avant au362
361 376 au360 avant au375
362 366 au361 avant au365
362 371 au361 avant au370
363 558 au362 avant au557
364 381 au363 avant au380
365 383 au364 avant au382
365 394 au364 avant au393
366 390 au365 avant au389
367 391 au366 avant au390
368 386 au367 avant au385
368 387 au367 avant au386
370 385 au369 avant au384
370 393 au369 avant au392
371 395 au370 avant au394
372 384 au371 avant au383
372 392 au371 avant au391
373 397 au372 avant au396
374 382 au373 avant au381
375 380 au374 avant au379
376 388 au375 avant au387
376 389 au375 avant au388
376 955 au375 avant au954
378 379 au377 avant au378
378 396 au377 avant au395
379 558 au378 avant au557
380 588 au379 avant au587
381 399 au380 avant au398
381 400 au380 avant au399
381 401 au380 avant au400
381 402 au380 avant au401
382 589 au381 avant au588
383 589 au382 avant au588
384 406 au383 avant au405
384 419 au383 avant au418
384 422 au383 avant au421
385 403 au384 avant au402
385 420 au384 avant au419
385 421 au384 avant au420
386 404 au385 avant au403
386 661 au385 avant au660
387 409 au386 avant au408
387 417 au386 avant au416
389 412 au388 avant au411
389 416 au388 avant au415
390 494 au389 avant au493
391 405 au390 avant au404
391 414 au390 avant au413
393 415 au392 avant au414
393 663 au392 avant au662
395 410 au394 avant au409
395 413 au394 avant au412
396 398 au395 avant au397
396 407 au395 avant au406
396 411 au395 avant au410
396 713 au395 avant au712
397 408 au396 avant au407
397 418 au396 avant au417
398 513 au397 avant au512
403 433 au402 avant au432
403 477 au402 avant au476
404 425 au403 avant au424
405 487 au404 avant au486
407 650 au406 avant au649
408 428 au407 avant au427
408 429 au407 avant au428
410 435 au409 avant au434
412 427 au411 avant au426
412 430 au411 avant au429
412 436 au411 avant au435
413 439 au412 avant au438
414 423 au413 avant au422
414 431 au413 avant au430
416 426 au415 avant au425
416 434 au415 avant au433
416 437 au415 avant au436
419 432 au418 avant au431
419 438 au418 avant au437
420 424 au419 avant au423
421 750 au420 avant au749
421 917 au420 avant au916
423 604 au422 avant au603
424 440 au423 avant au439
425 931 au424 avant au930
426 445 au425 avant au444
427 442 au426 avant au441
427 457 au426 avant au456
427 458 au426 avant au457
428 452 au427 avant au451
429 459 au428 avant au458
430 450 au429 avant au449
431 449 au430 avant au448
433 456 au432 avant au455
435 451 au434 avant au450
435 453 au434 avant au452
435 454 au434 avant au453
436 441 au435 avant au440
436 443 au435 avant au442
436 444 au435 avant au443
436 455 au435 avant au454
437 447 au436 avant au446
438 448 au437 avant au447
439 446 au438 avant au445
440 460 au439 avant au459
440 461 au439 avant au460
440 462 au439 avant au461
440 463 au439 avant au462
440 464 au439 avant au463
442 465 au441 avant au464
442 469 au441 avant au468
444 473 au443 avant au472
445 472 au444 avant au471
445 716 au444 avant au715
446 474 au445 avant au473
447 696 au446 avant au695
448 471 au447 avant au470
450 467 au449 avant au466
451 466 au450 avant au465
451 476 au450 avant au475
454 475 au453 avant au474
454 1000 au453 avant au999
455 468 au454 avant au467
459 470 au458 avant au469
462 480 au461 avant au479
462 489 au461 avant au488
463 490 au462 avant au489
465 478 au464 avant au477
465 761 au464 avant au760
466 479 au465 avant au478
466 492 au465 avant au491
467 483 au466 avant au482
468 482 au467 avant au481
468 986 au467 avant au985
469 484 au468 avant au483
469 491 au468 avant au490
469 908 au468 avant au907
473 486 au472 avant au485
474 481 au473 avant au480
474 487 au473 avant au486
475 485 au474 avant au484
475 494 au474 avant au493
476 477 au475 avant au476
476 488 au475 avant au487
476 493 au475 avant au492
477 513 au476 avant au512
478 783 au477 avant au782
479 514 au478 avant au513
480 514 au479 avant au513
483 498 au482 avant au497
486 507 au485 avant au506
487 508 au486 avant au507
488 495 au487 avant au494
488 496 au487 avant au495
488 505 au487 avant au504
488 506 au487 avant au505
488 511 au487 avant au510
490 499 au489 avant au498
491 500 au490 avant au499
492 504 au491 avant au503
492 509 au491 avant au508
492 512 au491 avant au511
493 502 au492 avant au501
494 497 au493 avant au496
494 501 au493 avant au500
494 503 au493 avant au502
494 510 au493 avant au509
495 513 au494 avant au512
496 514 au495 avant au513
497 589 au496 avant au588
498 521 au497 avant au520
503 524 au502 avant au523
504 516 au503 avant au515
504 520 au503 avant au519
504 522 au503 avant au521
504 529 au503 avant au528
505 517 au504 avant au516
505 748 au504 avant au747
506 525 au505 avant au524
507 515 au506 avant au514
508 528 au507 avant au527
509 526 au508 avant au525
510 518 au509 avant au517
510 527 au509 avant au526
510 987 au509 avant au986
512 519 au511 avant au518
512 523 au511 avant au522
513 530 au512 avant au529
513 531 au512 avant au530
513 532 au512 avant au531
513 533 au512 avant au532
513 534 au512 avant au533
514 535 au513 avant au534
514 536 au513 avant au535
514 537 au513 avant au536
514 538 au513 avant au537
514 539 au513 avant au538
514 540 au513 avant au539
514 541 au513 avant au540
514 542 au513 avant au541
514 543 au513 avant au542
514 544 au513 avant au543
514 545 au513 avant au544
514 546 au513 avant au545
514 556 au513 avant au555
514 557 au513 avant au556
515 547 au514 avant au546
516 555 au515 avant au554
517 549 au516 avant au548
517 719 au516 avant au718
519 551 au518 avant au550
519 553 au518 avant au552
522 552 au521 avant au551
524 656 au523 avant au655
525 550 au524 avant au549
527 548 au526 avant au547
528 554 au527 avant au553
530 558 au529 avant au557
532 948 au531 avant au947
535 560 au534 avant au559
535 564 au534 avant au563
537 562 au536 avant au561
537 575 au536 avant au574
538 559 au537 avant au558
539 576 au538 avant au575
540 566 au539 avant au565
543 574 au542 avant au573
545 637 au544 avant au636
547 561 au546 avant au560
548 567 au547 avant au566
548 569 au547 avant au568
548 571 au547 avant au570
549 568 au548 avant au567
551 572 au550 avant au571
553 563 au552 avant au562
553 570 au552 avant au569
553 573 au552 avant au572
555 577 au554 avant au576
556 565 au555 avant au564
557 991 au556 avant au990
558 579 au557 avant au578
558 580 au557 avant au579
558 581 au557 avant au580
558 582 au557 avant au581
558 583 au557 avant au582
558 584 au557 avant au583
558 585 au557 avant au584
558 586 au557 avant au585
558 587 au557 avant au586
558 600 au557 avant au599
559 588 au558 avant au587
560 783 au559 avant au782
561 589 au560 avant au588
563 591 au562 avant au590
566 595 au565 avant au594
567 597 au566 avant au596
569 592 au568 avant au591
570 590 au569 avant au589
570 603 au569 avant au602
570 946 au569 avant au945
572 578 au571 avant au577
572 594 au571 avant au593
572 596 au571 avant au595
573 601 au572 avant au600
574 593 au573 avant au592
574 599 au573 avant au598
574 879 au573 avant au878
576 753 au575 avant au752
577 598 au576 avant au597
577 602 au576 avant au601
578 604 au577 avant au603
581 627 au580 avant au626
582 622 au581 avant au621
588 605 au587 avant au604
588 606 au587 avant au605
588 607 au587 avant au606
588 608 au587 avant au607
588 609 au587 avant au608
588 610 au587 avant au609
588 611 au587 avant au610
589 612 au588 avant au611
589 613 au588 avant au612
589 614 au588 avant au613
589 615 au588 avant au614
589 616 au588 avant au615
589 617 au588 avant au616
589 618 au588 avant au617
589 619 au588 avant au618
589 620 au588 avant au619
589 621 au588 avant au620
589 628 au588 avant au627
597 626 au596 avant au625
598 625 au597 avant au624
599 684 au598 avant au683
602 624 au601 avant au623
603 623 au602 avant au622
603 731 au602 avant au730
604 629 au603 avant au628
604 630 au603 avant au629
604 631 au603 avant au630
604 632 au603 avant au631
604 633 au603 avant au632
604 634 au603 avant au633
604 635 au603 avant au634
604 636 au603 avant au635
605 642 au604 avant au641
606 639 au605 avant au638
611 645 au610 avant au644
614 640 au613 avant au639
615 638 au614 avant au637
620 643 au619 avant au642
624 641 au623 avant au640
624 927 au623 avant au926
626 644 au625 avant au643
627 637 au626 avant au636
629 654 au628 avant au653
629 655 au628 avant au654
629 701 au628 avant au700
633 648 au632 avant au647
633 657 au632 avant au656
633 658 au632 avant au657
634 656 au633 avant au655
635 649 au634 avant au648
638 653 au637 avant au652
640 659 au639 avant au658
641 646 au640 avant au645
641 661 au640 avant au660
643 660 au642 avant au659
644 647 au643 avant au646
644 650 au643 avant au649
644 651 au643 avant au650
644 652 au643 avant au651
646 783 au645 avant au782
647 669 au646 avant au668
647 672 au646 avant au671
648 678 au647 avant au677
649 663 au648 avant au662
649 671 au648 avant au670
650 665 au649 avant au664
650 668 au649 avant au667
651 674 au650 avant au673
652 673 au651 avant au672
652 676 au651 avant au675
656 667 au655 avant au666
656 670 au655 avant au669
657 666 au656 avant au665
657 677 au656 avant au676
658 675 au657 avant au674
660 664 au659 avant au663
661 662 au660 avant au661
662 685 au661 avant au684
662 691 au661 avant au690
662 698 au661 avant au697
664 695 au663 avant au694
664 699 au663 avant au698
665 683 au664 avant au682
665 687 au664 avant au686
665 689 au664 avant au688
665 960 au664 avant au959
666 728 au665 avant au727
667 686 au666 avant au685
667 692 au666 avant au691
668 693 au667 avant au692
669 688 au668 avant au687
670 697 au669 avant au696
671 738 au670 avant au737
672 679 au671 avant au678
673 694 au672 avant au693
673 696 au672 avant au695
674 681 au673 avant au680
675 680 au674 avant au679
675 690 au674 avant au689
676 682 au675 avant au681
677 684 au676 avant au683
677 693 au676 avant au692
679 783 au678 avant au782
681 840 au680 avant au839
682 705 au681 avant au704
682 712 au681 avant au711
683 707 au682 avant au706
683 711 au682 avant au710
684 702 au683 avant au701
684 714 au683 avant au713
685 706 au684 avant au705
686 717 au685 avant au716
686 718 au685 avant au717
687 701 au686 avant au700
687 704 au686 avant au703
688 703 au687 avant au702
688 713 au687 avant au712
688 719 au687 avant au718
689 708 au688 avant au707
689 710 au688 avant au709
692 715 au691 avant au714
696 709 au695 avant au708
698 700 au697 avant au699
698 716 au697 avant au715
700 783 au699 avant au782
701 721 au700 avant au720
701 733 au700 avant au732
702 723 au701 avant au722
706 722 au705 avant au721
706 724 au705 avant au723
712 725 au711 avant au724
712 727 au711 avant au726
712 730 au711 avant au729
713 898 au712 avant au897
714 731 au713 avant au730
715 728 au714 avant au727
715 729 au714 avant au728
715 732 au714 avant au731
716 992 au715 avant au991
717 720 au716 avant au719
719 726 au718 avant au725
720 739 au719 avant au738
720 744 au719 avant au743
722 742 au721 avant au741
722 743 au721 avant au742
723 745 au722 avant au744
725 939 au724 avant au938
726 738 au725 avant au737
726 747 au725 avant au746
728 984 au727 avant au983
729 737 au728 avant au736
729 740 au728 avant au739
729 741 au728 avant au740
730 735 au729 avant au734
732 736 au731 avant au735
732 746 au731 avant au745
733 734 au732 avant au733
734 783 au733 avant au782
736 757 au735 avant au756
737 761 au736 avant au760
738 754 au737 avant au753
738 758 au737 avant au757
740 755 au739 avant au754
740 756 au739 avant au755
741 752 au740 avant au751
742 760 au741 avant au759
743 751 au742 avant au750
743 753 au742 avant au752
744 749 au743 avant au748
744 763 au743 avant au762
745 748 au744 avant au747
745 750 au744 avant au749
746 762 au745 avant au761
747 759 au746 avant au758
748 766 au747 avant au765
749 775 au748 avant au774
750 764 au749 avant au763
750 780 au749 avant au779
750 781 au749 avant au780
751 782 au750 avant au781
752 768 au751 avant au767
752 772 au751 avant au771
753 779 au752 avant au778
754 769 au753 avant au768
755 770 au754 avant au769
757 771 au756 avant au770
757 776 au756 avant au775
757 777 au756 avant au776
758 767 au757 avant au766
759 765 au758 avant au764
760 778 au759 avant au777
760 925 au759 avant au924
761 774 au760 avant au773
763 773 au762 avant au772
763 876 au762 avant au875
764 783 au763 avant au782
771 789 au770 avant au788
772 787 au771 avant au786
772 790 au771 avant au789
773 791 au772 avant au790
774 793 au773 avant au792
774 794 au773 avant au793
776 792 au775 avant au791
776 796 au775 avant au795
777 792 au776 avant au791
778 788 au777 avant au787
778 795 au777 avant au794
779 784 au778 avant au783
779 785 au778 avant au784
781 786 au780 avant au785
781 797 au780 avant au796
782 798 au781 avant au797
783 799 au782 avant au798
783 800 au782 avant au799
783 801 au782 avant au800
783 802 au782 avant au801
783 804 au782 avant au803
785 808 au784 avant au807
786 813 au785 avant au812
790 806 au789 avant au805
790 811 au789 avant au810
791 809 au790 avant au808
792 807 au791 avant au806
792 812 au791 avant au811
793 805 au792 avant au804
794 810 au793 avant au809
796 803 au795 avant au802
796 854 au795 avant au853
801 821 au800 avant au820
803 814 au802 avant au813
803 824 au802 avant au823
804 816 au803 avant au815
804 822 au803 avant au821
805 826 au804 avant au825
806 815 au805 avant au814
806 820 au805 avant au819
806 827 au805 avant au826
807 819 au806 avant au818
807 823 au806 avant au822
807 825 au806 avant au824
808 818 au807 avant au817
811 985 au810 avant au984
813 817 au812 avant au816
815 829 au814 avant au828
815 838 au814 avant au837
816 830 au815 avant au829
816 835 au815 avant au834
817 837 au816 avant au836
817 841 au816 avant au840
818 831 au817 avant au830
818 832 au817 avant au831
818 834 au817 avant au833
818 840 au817 avant au839
819 828 au818 avant au827
819 833 au818 avant au832
819 844 au818 avant au843
820 845 au819 avant au844
820 846 au819 avant au845
823 843 au822 avant au842
824 839 au823 avant au838
826 842 au825 avant au841
827 836 au826 avant au835
828 861 au827 avant au860
830 857 au829 avant au856
831 856 au830 avant au855
832 862 au831 avant au861
834 855 au833 avant au854
837 853 au836 avant au852
841 847 au840 avant au846
841 852 au840 avant au851
841 858 au840 avant au857
841 860 au840 avant au859
842 850 au841 avant au849
842 851 au841 avant au850
843 863 au842 avant au862
844 854 au843 avant au853
844 859 au843 avant au858
845 848 au844 avant au847
845 849 au844 avant au848
846 849 au845 avant au848
848 865 au847 avant au864
851 864 au850 avant au863
852 869 au851 avant au868
853 877 au852 avant au876
854 874 au853 avant au873
855 867 au854 avant au866
855 875 au854 avant au874
858 868 au857 avant au867
858 871 au857 avant au870
859 870 au858 avant au869
862 872 au861 avant au871
862 873 au861 avant au872
863 866 au862 avant au865
863 876 au862 avant au875
865 880 au864 avant au879
866 887 au865 avant au886
866 992 au865 avant au991
868 878 au867 avant au877
869 884 au868 avant au883
870 889 au869 avant au888
871 888 au870 avant au887
873 882 au872 avant au881
873 883 au872 avant au882
874 886 au873 avant au885
875 879 au874 avant au878
876 885 au875 avant au884
877 881 au876 avant au880
878 899 au877 avant au898
878 908 au877 avant au907
879 896 au878 avant au895
880 898 au879 avant au897
880 900 au879 avant au899
881 891 au880 avant au890
881 906 au880 avant au905
882 901 au881 avant au900
883 895 au882 avant au894
884 897 au883 avant au896
884 907 au883 avant au906
886 892 au885 avant au891
886 894 au885 avant au893
886 903 au885 avant au902
886 905 au885 avant au904
887 890 au886 avant au889
887 904 au886 avant au903
889 893 au888 avant au892
889 902 au888 avant au901
890 924 au889 avant au923
891 919 au890 avant au918
891 920 au890 avant au919
893 917 au892 avant au916
893 918 au892 avant au917
893 927 au892 avant au926
894 912 au893 avant au911
896 910 au895 avant au909
896 915 au895 avant au914
897 913 au896 avant au912
897 914 au896 avant au913
898 916 au897 avant au915
904 911 au903 avant au910
904 921 au903 avant au920
906 910 au905 avant au909
906 925 au905 avant au924
907 909 au906 avant au908
907 923 au906 avant au922
908 922 au907 avant au921
908 926 au907 avant au925
909 938 au908 avant au937
910 937 au909 avant au936
911 931 au910 avant au930
912 940 au911 avant au939
912 942 au911 avant au941
914 939 au913 avant au938
915 928 au914 avant au927
917 930 au916 avant au929
920 933 au919 avant au932
920 935 au919 avant au934
921 936 au920 avant au935
925 929 au924 avant au928
926 932 au925 avant au931
926 941 au925 avant au940
927 934 au926 avant au933
928 953 au927 avant au952
928 961 au927 avant au960
928 963 au927 avant au962
929 949 au928 avant au948
929 951 au928 avant au950
929 958 au928 avant au957
930 945 au929 avant au944
930 956 au929 avant au955
932 954 au931 avant au953
933 962 au932 avant au961
934 944 au933 avant au943
934 957 au933 avant au956
936 947 au935 avant au946
937 950 au936 avant au949
937 952 au936 avant au951
937 959 au936 avant au958
937 971 au936 avant au970
938 946 au937 avant au945
938 955 au937 avant au954
940 948 au939 avant au947
941 943 au940 avant au942
941 960 au940 avant au959
944 966 au943 avant au965
946 965 au945 avant au964
946 968 au945 avant au967
947 985 au946 avant au984
949 964 au948 avant au963
950 970 au949 avant au969
952 972 au951 avant au971
953 973 au952 avant au972
956 971 au955 avant au970
960 969 au959 avant au968
961 967 au960 avant au966
964 977 au963 avant au976
965 986 au964 avant au985
966 974 au965 avant au973
966 979 au965 avant au978
967 983 au966 avant au982
969 975 au968 avant au974
969 984 au968 avant au983
970 980 au969 avant au979
970 982 au969 avant au981
971 981 au970 avant au980
971 985 au970 avant au984
972 976 au971 avant au975
972 987 au971 avant au986
973 978 au972 avant au977
975 996 au974 avant au995
980 990 au979 avant au989
981 995 au980 avant au994
982 993 au981 avant au992
982 999 au981 avant au998
983 992 au982 avant au991
983 994 au982 avant au993
983 998 au982 avant au997
983 1000 au982 avant au999
984 991 au983 avant au990
985 988 au984 avant au987
985 997 au984 avant au996
986 989 au985 avant au988
