# Components (V)
1 2 3 4 5 6 7 8 9 10 11 12 13 14 15 16 17 18 19 20 21 22 23 24 25 26 27 28 29 30 31 32 33 34 35 36 37 38 39 40 41 42 43 44 45 46 47 48 49 50 51 52 53 54 55 56 57 58 59 60 61 62 63 64 65 66 67 68 69 70 71 72 73 74 75 76 77 78 79 80 81 82 83 84 85 86 87 88 89 90 91 92 93 94 95 96 97 98 99 100 101 102 103 104 105 106 107 108 109 110 111 112 113 114 115 116 117 118 119 120 121 122 123 124 125 126 127 128 129 130 131 132 133 134 135 136 137 138 139 140 141 142 143 144 145 146 147 148 149 150 151 152 153 154 155 156 157 158 159 160 161 162 163 164 165 166 167 168 169 170 171 172 173 174 175 176 177 178 179 180 181 182 183 184 185 186 187 188 189 190 191 192 193 194 195 196 197 198 199 200 201 202 203 204 205 206 207 208 209 210 211 212 213 214 215 216 217 218 219 220 221 222 223 224 225 226 227 228 229 230 231 232 233 234 235 236 237 238 239 240 241 242 243 244 245 246 247 248 249 250 251 252 253 254 255 256 257 258 259 260 261 262 263 264 265 266 267 268 269 270 271 272 273 274 275 276 277 278 279 280 281 282 283 284 285 286 287 288 289 290 291 292 293 294 295 296 297 298 299 300 301 302 303 304 305 306 307 308 309 310 311 312 313 314 315 316 317 318 319 320 321 322 323 324 325 326 327 328 329 330 331 332 333 334 335 336 337 338 339 340 341 342 343 344 345 346 347 348 349 350 351 352 353 354 355 356 357 358 359 360 361 362 363 364 365 366 367 368 369 370 371 372 373 374 375 376 377 378 379 380 381 382 383 384 385 386 387 388 389 390 391 392 393 394 395 396 397 398 399 400 401 402 403 404 405 406 407 408 409 410 411 412 413 414 415 416 417 418 419 420 421 422 423 424 425 426 427 428 429 430 431 432 433 434 435 436 437 438 439 440 441 442 443 444 445 446 447 448 449 450 451 452 453 454 455 456 457 458 459 460 461 462 463 464 465 466 467 468 469 470 471 472 473 474 475 476 477 478 479 480 481 482 483 484 485 486 487 488 489 490 491 492 493 494 495 496 497 498 499 500 501 502 503 504 505 506 507 508 509 510 511 512 513 514 515 516 517 518 519 520 521 522 523 524 525 526 527 528 529 530 531 532 533 534 535 536 537 538 539 540 541 542 543 544 545 546 547 548 549 550 551 552 553 554 555 556 557 558 559 560 561 562 563 564 565 566 567 568 569 570 571 572 573 574 575 576 577 578 579 580 581 582 583 584 585 586 587 588 589 590 591 592 593 594 595 596 597 598 599 600 601 602 603 604 605 606 607 608 609 610 611 612 613 614 615 616 617 618 619 620 621 622 623 624 625 626 627 628 629 630 631 632 633 634 635 636 637 638 639 640 641 642 643 644 645 646 647 648 649 650 651 652 653 654 655 656 657 658 659 660 661 662 663 664 665 666 667 668 669 670 671 672 673 674 675 676 677 678 679 680 681 682 683 684 685 686 687 688 689 690 691 692 693 694 695 696 697 698 699 700 701 702 703 704 705 706 707 708 709 710 711 712 713 714 715 716 717 718 719 720 721 722 723 724 725 726 727 728 729 730 731 732 733 734 735 736 737 738 739 740 741 742 743 744 745 746 747 748 749 750 751 752 753 754 755 756 757 758 759 760 761 762 763 764 765 766 767 768 769 770 771 772 773 774 775 776 777 778 779 780 781 782 783 784 785 786 787 788 789 790 791 792 793 794 795 796 797 798 799 800 801 802 803 804 805 806 807 808 809 810 811 812 813 814 815 816 817 818 819 820 821 822 823 824 825 826 827 828 829 830 831 832 833 834 835 836 837 838 839 840 841 842 843 844 845 846 847 848 849 850 851 852 853 854 855 856 857 858 859 860 861 862 863 864 865 866 867 868 869 870 871 872 873 874 875 876 877 878 879 880 881 882 883 884 885 886 887 888 889 890 891 892 893 894 895 896 897 898 899 900 901 902 903 904 905 906 907 908 909 910 911 912 913 914 915 916 917 918 919 920 921 922 923 924 925 926 927 928 929 930 931 932 933 934 935 936 937 938 939 940 941 942 943 944 945 946 947 948 949 950 951 952 953 954 955 956 957 958 959 960 961 962 963 964 965 966 967 968 969 970 971 972 973 974 975 976 977 978 979 980

# Precedence arcs (E)
1 153
2 153
3 153
4 226
5 63
6 63
7 257
8 308
9 158
11 24
11 27
11 34
12 30
13 39
14 40
15 33
17 25
17 32
18 36
18 38
19 23
19 26
20 31
20 35
20 37
21 28
22 29
23 153
24 226
25 63
26 63
27 63
28 63
29 257
30 158
31 52
32 45
32 60
33 42
33 49
33 53
33 54
33 99
34 41
34 51
34 59
35 57
36 43
37 46
37 48
37 56
38 47
38 50
38 58
39 44
39 55
40 580
41 226
42 226
43 63
44 257
45 631
46 62
47 61
47 65
47 76
48 904
49 69
53 66
53 74
54 73
55 71
56 67
57 72
58 887
59 68
59 70
59 240
60 64
60 75
61 153
62 153
63 78
63 79
63 80
63 81
63 82
63 83
64 158
65 158
67 90
68 88
68 92
68 95
68 96
69 91
70 86
70 98
71 84
71 93
71 94
72 87
72 97
73 85
74 872
75 77
76 89
77 153
78 101
78 109
80 111
81 112
81 116
81 320
85 102
86 117
87 103
89 115
89 162
90 104
90 105
90 106
92 113
94 100
94 110
94 114
97 107
98 99
98 108
99 153
100 436
101 158
102 551
103 128
103 129
104 124
104 125
106 120
106 127
109 119
109 131
110 118
111 121
111 130
112 122
114 379
115 123
115 422
117 126
118 153
119 226
120 458
121 158
122 141
122 143
122 806
123 133
123 138
123 142
123 145
124 151
125 134
125 150
126 132
126 136
126 139
126 152
127 148
127 149
129 137
129 147
130 146
131 135
131 140
131 144
132 153
133 226
134 744
135 630
136 308
137 158
138 158
139 168
141 155
141 161
144 154
144 164
145 156
145 159
146 163
147 162
147 166
148 160
149 157
151 167
152 165
153 169
153 170
153 171
153 172
153 173
153 174
153 187
154 226
155 630
156 436
157 436
158 175
158 176
158 177
158 178
158 179
158 180
158 186
159 181
161 390
162 184
162 185
163 182
163 183
167 188
169 191
169 193
169 201
172 199
172 208
172 209
174 197
174 557
177 401
178 200
179 206
179 207
181 189
181 194
181 302
182 190
183 196
184 192
185 195
186 527
187 198
187 202
187 203
188 204
188 205
189 226
190 308
191 631
192 631
193 614
197 220
197 223
198 210
200 215
201 213
201 219
202 217
202 221
203 225
204 224
205 216
205 222
206 212
207 214
209 211
209 218
210 226
211 308
212 436
213 230
213 231
213 232
213 238
213 247
213 521
216 240
216 243
217 242
218 244
219 227
220 234
220 236
222 229
222 233
222 235
222 237
222 239
222 241
223 246
223 248
224 843
225 228
225 245
225 337
226 249
226 250
226 251
226 252
226 253
226 254
226 255
226 256
226 386
227 257
228 728
229 631
230 261
230 267
231 258
233 270
234 263
234 269
235 792
239 262
239 265
240 259
241 266
242 264
243 271
245 629
246 458
248 260
248 268
249 744
251 282
252 278
252 284
254 279
255 283
257 272
257 273
257 274
257 275
257 276
257 285
258 458
259 287
264 288
265 286
265 583
266 280
267 361
269 281
269 289
269 400
270 277
271 319
272 436
273 458
274 294
274 299
275 290
275 291
278 301
279 511
280 296
280 305
281 300
282 293
282 295
285 297
286 302
287 292
288 303
288 306
289 298
289 304
290 308
291 458
292 631
293 319
295 310
296 313
297 311
297 322
298 309
298 314
298 318
299 770
301 312
301 321
301 460
302 315
303 645
303 884
304 320
305 316
305 317
306 307
307 744
308 324
308 325
308 326
308 327
308 328
309 332
309 338
311 323
311 330
312 331
312 336
312 752
313 333
314 329
316 339
316 341
321 568
322 334
322 335
322 337
322 340
323 744
325 352
326 346
327 342
328 347
329 458
330 344
331 348
331 788
333 343
333 351
333 357
334 349
335 353
339 345
339 355
339 356
340 350
341 354
342 458
343 358
345 366
345 372
345 374
346 377
350 360
350 363
350 367
350 369
350 370
350 375
351 364
353 359
353 715
354 365
354 376
355 371
355 373
356 361
357 362
357 368
357 927
358 962
359 614
360 386
360 390
362 380
362 383
362 391
363 379
364 378
364 393
368 382
368 384
368 385
370 387
370 389
372 687
373 396
374 381
374 392
374 394
375 395
376 388
378 630
379 549
380 402
381 414
382 408
383 399
385 412
386 397
386 413
387 410
388 406
389 400
389 411
391 398
391 404
391 405
391 409
394 401
396 403
396 407
397 728
399 423
401 421
402 417
402 420
402 430
403 415
404 428
405 419
406 427
406 434
407 425
407 431
407 433
408 418
408 643
410 432
411 814
413 426
413 429
414 416
414 422
414 424
415 744
416 630
417 436
418 436
419 614
420 441
420 443
422 442
425 438
426 446
427 448
427 452
427 453
428 444
428 450
429 439
429 447
429 451
432 435
432 440
432 969
433 437
433 445
433 449
435 744
436 454
436 455
436 456
436 457
437 458
439 462
439 470
440 465
440 704
441 460
442 464
442 466
442 469
443 472
444 463
447 459
449 468
450 461
453 467
453 471
456 493
456 827
457 485
458 474
458 475
458 476
458 477
458 478
458 479
458 480
458 481
458 486
458 492
459 851
461 494
463 482
464 483
464 489
466 490
466 495
467 488
468 484
469 487
470 473
471 491
471 605
473 549
474 498
474 503
475 504
476 502
477 505
478 501
479 496
479 506
480 511
483 500
486 507
487 897
489 499
490 512
492 510
495 497
495 508
495 509
496 549
500 521
500 527
501 599
502 522
507 516
507 518
507 520
507 525
507 526
508 523
509 514
509 517
510 519
511 513
511 524
512 515
513 630
514 534
515 536
515 542
515 543
516 528
517 538
518 529
518 531
518 548
519 547
520 541
521 532
521 533
521 878
522 530
522 537
522 540
523 546
524 544
525 535
526 539
526 545
528 549
529 549
530 614
531 550
531 563
532 555
532 557
532 560
533 559
533 772
535 562
536 552
536 558
536 566
536 629
537 554
537 561
540 556
542 567
543 564
544 568
545 551
545 553
548 565
549 569
549 570
549 571
549 572
549 573
549 574
549 575
549 576
549 577
549 588
550 590
552 578
552 857
553 580
553 584
553 587
554 581
556 588
558 582
559 586
561 583
561 585
562 589
565 591
566 579
569 598
570 592
571 593
572 600
573 857
574 602
574 606
574 899
576 595
577 604
579 601
582 607
583 599
583 603
583 610
585 605
586 594
586 608
586 609
588 596
590 597
592 614
593 614
594 611
594 615
595 622
598 625
598 678
599 619
600 612
601 613
603 623
603 626
603 627
603 709
604 629
605 621
605 628
607 617
608 620
608 624
610 616
610 618
611 630
612 728
613 631
614 632
614 633
614 634
614 635
614 636
614 637
615 652
616 647
617 641
617 653
619 639
619 644
619 648
619 650
620 646
621 638
622 642
622 643
624 645
625 640
628 649
629 651
630 656
630 657
630 658
630 659
630 660
630 661
630 662
630 663
630 664
630 665
630 666
630 667
630 668
630 669
630 686
631 670
631 671
631 672
631 673
631 674
631 675
631 676
631 677
633 655
638 832
640 654
640 679
640 684
641 681
641 685
642 687
644 678
644 682
646 683
649 680
650 688
654 962
655 962
657 698
657 704
658 693
659 689
661 707
667 706
669 694
669 701
670 691
671 705
674 692
674 696
674 697
677 695
677 702
683 700
683 703
684 699
685 690
689 962
690 728
691 720
691 723
692 715
695 710
695 713
695 874
696 716
696 879
697 721
698 724
699 714
699 718
700 719
700 726
701 725
703 711
704 717
705 708
705 712
705 722
707 709
708 728
709 743
710 729
710 740
713 741
714 727
715 730
715 733
715 739
716 735
716 737
722 731
723 732
723 736
723 738
723 924
726 734
726 742
727 744
728 745
728 746
728 747
728 748
728 758
728 762
731 752
732 750
734 751
734 754
734 755
734 760
735 756
737 749
737 757
738 753
739 759
742 761
744 763
744 764
744 765
744 766
744 767
744 768
744 769
745 775
746 773
748 777
748 779
749 772
753 774
756 778
756 780
758 770
758 776
760 771
763 788
767 787
767 794
768 790
769 781
770 789
770 791
770 796
771 785
773 782
773 784
774 783
774 795
775 786
778 792
779 797
779 798
780 793
780 796
781 802
781 807
786 809
787 808
789 803
789 805
792 806
792 891
793 801
794 804
798 799
798 800
799 813
800 810
801 811
802 814
803 818
805 812
807 815
807 817
808 816
810 820
810 821
810 823
811 824
811 830
812 826
812 831
812 836
812 837
812 839
813 825
814 828
815 819
815 829
816 822
816 834
817 827
817 838
817 840
818 832
818 833
818 835
821 849
822 854
823 846
826 843
827 845
828 841
832 844
832 848
833 852
834 847
834 850
835 842
838 853
840 851
842 865
844 855
844 867
845 858
845 869
847 863
848 861
848 871
849 868
850 857
850 860
850 866
850 872
852 862
852 864
852 873
852 874
853 859
854 856
854 870
855 881
855 891
855 892
857 888
859 876
859 885
859 887
862 883
863 879
863 889
863 890
864 886
866 884
868 880
869 882
870 877
871 875
872 878
876 900
877 905
878 893
879 899
879 903
880 896
883 910
883 912
884 894
884 895
884 908
885 897
885 901
885 902
886 909
887 904
888 911
888 913
890 898
891 906
891 907
893 922
894 924
895 919
896 927
897 917
899 914
899 916
899 920
899 926
900 928
902 921
902 965
903 918
903 925
907 915
908 923
910 977
914 940
915 942
915 943
917 935
918 932
921 938
924 936
924 939
925 929
927 930
927 941
928 931
928 933
928 934
928 937
930 954
931 950
932 949
934 944
934 959
936 946
938 960
939 948
939 951
939 952
939 955
940 956
942 947
942 957
942 958
943 945
943 953
943 961
944 962
945 970
945 974
948 965
948 967
948 976
949 966
949 971
951 972
952 968
952 973
953 969
958 964
959 975
959 977
960 963
962 978
962 979
962 980

# Target components (T)
232 88 472

# Revenues (r)
1 27
2 25
3 27
4 22
5 30
6 21
7 26
8 30
9 21
10 24
11 28
12 30
13 23
14 29
15 29
16 23
17 23
18 28
19 22
20 24
21 25
22 27
23 21
24 30
25 30
26 27
27 21
28 25
29 20
30 20
31 26
32 21
33 22
34 22
35 26
36 28
37 21
38 21
39 29
40 30
41 28
42 20
43 27
44 23
45 27
46 30
47 30
48 26
49 27
50 27
51 21
52 30
53 22
54 24
55 24
56 25
57 23
58 20
59 24
60 20
61 22
62 25
63 20
64 29
65 29
66 22
67 22
68 29
69 29
70 24
71 28
72 27
73 29
74 21
75 27
76 23
77 20
78 22
79 29
80 29
81 23
82 30
83 27
84 27
85 25
86 25
87 23
88 23
89 27
90 30
91 26
92 22
93 25
94 20
95 30
96 22
97 21
98 30
99 26
100 23
101 21
102 22
103 25
104 29
105 21
106 29
107 21
108 27
109 27
110 23
111 20
112 26
113 27
114 20
115 20
116 30
117 27
118 30
119 26
120 27
121 23
122 23
123 29
124 21
125 30
126 27
127 23
128 21
129 23
130 24
131 29
132 27
133 24
134 28
135 29
136 30
137 21
138 28
139 23
140 23
141 30
142 27
143 29
144 26
145 27
146 29
147 23
148 20
149 30
150 22
151 21
152 27
153 25
154 23
155 27
156 22
157 29
158 26
159 22
160 27
161 24
162 26
163 28
164 21
165 30
166 21
167 28
168 25
169 29
170 20
171 22
172 28
173 27
174 29
175 22
176 20
177 28
178 22
179 24
180 28
181 29
182 20
183 29
184 25
185 23
186 20
187 30
188 24
189 25
190 23
191 24
192 27
193 24
194 28
195 25
196 28
197 30
198 22
199 24
200 25
201 27
202 24
203 22
204 24
205 29
206 28
207 29
208 21
209 29
210 28
211 22
212 28
213 21
214 23
215 23
216 23
217 29
218 22
219 20
220 21
221 21
222 27
223 27
224 22
225 26
226 28
227 29
228 22
229 27
230 28
231 30
232 24
233 21
234 29
235 27
236 27
237 25
238 21
239 29
240 30
241 30
242 21
243 21
244 27
245 24
246 22
247 30
248 21
249 23
250 30
251 20
252 22
253 24
254 23
255 24
256 21
257 25
258 27
259 21
260 20
261 28
262 29
263 29
264 24
265 21
266 27
267 28
268 24
269 23
270 27
271 26
272 28
273 22
274 20
275 29
276 24
277 30
278 26
279 25
280 22
281 25
282 24
283 22
284 29
285 23
286 30
287 21
288 23
289 30
290 26
291 27
292 21
293 22
294 26
295 24
296 28
297 29
298 26
299 28
300 24
301 24
302 27
303 22
304 29
305 22
306 29
307 21
308 28
309 24
310 27
311 21
312 30
313 26
314 29
315 25
316 27
317 21
318 20
319 20
320 22
321 23
322 26
323 26
324 28
325 21
326 24
327 28
328 20
329 20
330 28
331 20
332 22
333 20
334 29
335 22
336 24
337 28
338 27
339 20
340 29
341 20
342 21
343 25
344 30
345 24
346 30
347 25
348 23
349 29
350 28
351 28
352 27
353 28
354 25
355 26
356 25
357 21
358 20
359 25
360 29
361 21
362 20
363 28
364 29
365 24
366 28
367 23
368 23
369 28
370 20
371 24
372 25
373 27
374 28
375 24
376 25
377 30
378 23
379 26
380 23
381 30
382 25
383 26
384 25
385 24
386 24
387 21
388 29
389 21
390 23
391 30
392 26
393 26
394 23
395 28
396 20
397 30
398 30
399 29
400 28
401 29
402 24
403 25
404 23
405 28
406 27
407 29
408 29
409 28
410 25
411 21
412 23
413 29
414 20
415 20
416 21
417 28
418 20
419 26
420 26
421 30
422 21
423 23
424 30
425 23
426 21
427 24
428 26
429 22
430 28
431 28
432 26
433 26
434 30
435 25
436 24
437 24
438 28
439 20
440 27
441 23
442 25
443 23
444 27
445 20
446 29
447 20
448 24
449 23
450 28
451 20
452 25
453 29
454 26
455 25
456 26
457 20
458 26
459 22
460 26
461 27
462 22
463 28
464 29
465 23
466 29
467 23
468 28
469 26
470 30
471 27
472 21
473 23
474 22
475 28
476 25
477 22
478 28
479 20
480 28
481 26
482 21
483 23
484 30
485 24
486 25
487 22
488 21
489 20
490 20
491 20
492 23
493 26
494 24
495 20
496 20
497 22
498 23
499 24
500 21
501 20
502 29
503 26
504 26
505 24
506 29
507 21
508 25
509 22
510 29
511 21
512 23
513 27
514 30
515 30
516 23
517 30
518 25
519 28
520 27
521 27
522 20
523 29
524 28
525 30
526 30
527 24
528 29
529 30
530 20
531 26
532 20
533 28
534 25
535 21
536 29
537 20
538 30
539 20
540 30
541 30
542 29
543 28
544 26
545 20
546 24
547 20
548 23
549 30
550 23
551 21
552 29
553 26
554 22
555 29
556 27
557 28
558 22
559 20
560 20
561 26
562 25
563 27
564 20
565 22
566 30
567 22
568 27
569 30
570 24
571 20
572 27
573 23
574 30
575 29
576 25
577 27
578 26
579 25
580 25
581 30
582 25
583 29
584 27
585 22
586 30
587 20
588 26
589 23
590 23
591 22
592 28
593 28
594 27
595 22
596 27
597 28
598 25
599 24
600 25
601 22
602 26
603 21
604 26
605 22
606 28
607 29
608 22
609 22
610 25
611 25
612 28
613 25
614 28
615 24
616 22
617 25
618 22
619 29
620 20
621 21
622 27
623 30
624 26
625 27
626 26
627 24
628 23
629 27
630 29
631 26
632 21
633 30
634 25
635 29
636 25
637 27
638 26
639 26
640 26
641 27
642 28
643 21
644 27
645 22
646 22
647 28
648 28
649 26
650 27
651 21
652 30
653 26
654 27
655 23
656 28
657 27
658 26
659 22
660 23
661 24
662 24
663 24
664 24
665 22
666 29
667 29
668 20
669 23
670 21
671 26
672 29
673 24
674 24
675 28
676 23
677 23
678 29
679 27
680 21
681 29
682 28
683 28
684 25
685 25
686 21
687 24
688 28
689 21
690 25
691 23
692 24
693 23
694 25
695 29
696 26
697 25
698 20
699 20
700 22
701 29
702 22
703 26
704 22
705 22
706 28
707 25
708 25
709 26
710 29
711 27
712 20
713 22
714 25
715 26
716 25
717 23
718 20
719 29
720 25
721 22
722 20
723 20
724 28
725 21
726 28
727 23
728 24
729 29
730 23
731 21
732 24
733 29
734 28
735 27
736 23
737 20
738 22
739 20
740 24
741 24
742 26
743 20
744 29
745 29
746 30
747 23
748 29
749 27
750 29
751 26
752 24
753 30
754 22
755 20
756 30
757 28
758 27
759 23
760 28
761 28
762 27
763 28
764 22
765 29
766 23
767 22
768 30
769 28
770 22
771 29
772 29
773 26
774 20
775 20
776 21
777 21
778 21
779 26
780 29
781 24
782 26
783 26
784 25
785 27
786 23
787 30
788 25
789 23
790 28
791 24
792 30
793 23
794 23
795 20
796 29
797 24
798 23
799 30
800 29
801 27
802 22
803 24
804 29
805 23
806 29
807 28
808 23
809 27
810 25
811 23
812 27
813 23
814 27
815 20
816 28
817 29
818 22
819 29
820 30
821 25
822 23
823 20
824 21
825 30
826 26
827 23
828 22
829 25
830 27
831 23
832 23
833 29
834 22
835 22
836 23
837 23
838 27
839 26
840 25
841 25
842 22
843 30
844 21
845 22
846 23
847 27
848 21
849 24
850 28
851 23
852 30
853 21
854 27
855 27
856 26
857 21
858 24
859 22
860 26
861 23
862 23
863 28
864 22
865 21
866 23
867 22
868 29
869 24
870 24
871 22
872 29
873 22
874 26
875 23
876 29
877 20
878 20
879 25
880 27
881 23
882 24
883 24
884 21
885 27
886 26
887 28
888 26
889 29
890 22
891 20
892 26
893 26
894 23
895 23
896 30
897 30
898 27
899 26
900 29
901 20
902 29
903 27
904 24
905 30
906 21
907 25
908 23
909 21
910 28
911 29
912 25
913 29
914 22
915 24
916 28
917 30
918 25
919 28
920 21
921 28
922 22
923 25
924 22
925 20
926 28
927 26
928 28
929 29
930 24
931 25
932 22
933 23
934 26
935 20
936 21
937 27
938 30
939 24
940 24
941 28
942 28
943 21
944 22
945 25
946 21
947 26
948 20
949 24
950 22
951 30
952 30
953 23
954 24
955 27
956 29
957 26
958 22
959 21
960 25
961 30
962 30
963 26
964 27
965 20
966 28
967 23
968 21
969 21
970 22
971 20
972 24
973 25
974 27
975 28
976 28
977 26
978 29
979 22
980 26

# Costs (c)
1 1
2 10
3 6
4 8
5 10
6 9
7 5
8 7
9 9
10 9
11 4
12 5
13 5
14 8
15 10
16 3
17 7
18 5
19 7
20 6
21 3
22 1
23 4
24 3
25 10
26 1
27 7
28 1
29 3
30 6
31 8
32 2
33 8
34 8
35 7
36 8
37 3
38 3
39 10
40 9
41 8
42 9
43 3
44 3
45 9
46 10
47 4
48 5
49 7
50 2
51 6
52 7
53 4
54 5
55 9
56 9
57 8
58 7
59 9
60 2
61 1
62 9
63 10
64 6
65 7
66 5
67 7
68 2
69 7
70 6
71 7
72 7
73 10
74 7
75 2
76 2
77 10
78 8
79 7
80 10
81 3
82 6
83 7
84 8
85 1
86 7
87 10
88 5
89 3
90 2
91 1
92 7
93 10
94 1
95 9
96 9
97 8
98 3
99 8
100 2
101 3
102 4
103 8
104 8
105 6
106 8
107 2
108 6
109 9
110 6
111 3
112 7
113 1
114 10
115 10
116 1
117 7
118 3
119 2
120 4
121 2
122 6
123 9
124 5
125 6
126 6
127 2
128 8
129 2
130 2
131 3
132 2
133 4
134 9
135 5
136 6
137 6
138 9
139 10
140 2
141 8
142 5
143 6
144 10
145 9
146 6
147 10
148 3
149 6
150 8
151 6
152 7
153 6
154 5
155 1
156 4
157 5
158 1
159 4
160 4
161 2
162 9
163 8
164 5
165 2
166 7
167 1
168 4
169 4
170 7
171 2
172 8
173 7
174 3
175 3
176 8
177 8
178 8
179 10
180 1
181 8
182 4
183 2
184 7
185 10
186 1
187 10
188 4
189 3
190 5
191 1
192 1
193 8
194 7
195 1
196 8
197 2
198 6
199 4
200 8
201 3
202 6
203 5
204 3
205 6
206 7
207 4
208 8
209 10
210 7
211 5
212 9
213 5
214 9
215 3
216 5
217 6
218 7
219 3
220 10
221 3
222 6
223 8
224 1
225 8
226 5
227 5
228 9
229 6
230 2
231 5
232 3
233 5
234 8
235 1
236 9
237 3
238 3
239 8
240 3
241 2
242 10
243 4
244 10
245 5
246 6
247 10
248 2
249 7
250 4
251 10
252 8
253 4
254 7
255 1
256 6
257 8
258 2
259 9
260 8
261 3
262 4
263 5
264 5
265 5
266 5
267 9
268 1
269 1
270 3
271 3
272 1
273 7
274 3
275 1
276 5
277 1
278 8
279 9
280 6
281 9
282 5
283 3
284 7
285 1
286 8
287 10
288 9
289 6
290 3
291 9
292 10
293 1
294 4
295 8
296 10
297 5
298 5
299 1
300 2
301 7
302 10
303 4
304 1
305 8
306 6
307 7
308 3
309 3
310 8
311 7
312 5
313 6
314 2
315 1
316 7
317 5
318 10
319 6
320 5
321 10
322 2
323 2
324 2
325 8
326 10
327 5
328 9
329 9
330 4
331 7
332 5
333 2
334 1
335 1
336 8
337 1
338 10
339 4
340 4
341 10
342 1
343 8
344 6
345 10
346 5
347 8
348 5
349 1
350 9
351 7
352 10
353 5
354 4
355 6
356 5
357 10
358 10
359 10
360 2
361 1
362 4
363 10
364 10
365 7
366 8
367 8
368 3
369 8
370 5
371 8
372 9
373 9
374 6
375 1
376 1
377 7
378 1
379 8
380 8
381 4
382 2
383 1
384 4
385 1
386 6
387 2
388 2
389 1
390 10
391 3
392 3
393 6
394 2
395 2
396 8
397 10
398 6
399 7
400 2
401 9
402 8
403 10
404 7
405 9
406 8
407 1
408 9
409 7
410 6
411 5
412 4
413 7
414 9
415 5
416 4
417 5
418 10
419 6
420 9
421 7
422 4
423 5
424 2
425 10
426 3
427 3
428 6
429 10
430 10
431 3
432 5
433 2
434 4
435 1
436 7
437 5
438 3
439 5
440 4
441 9
442 7
443 10
444 10
445 7
446 8
447 6
448 4
449 3
450 10
451 9
452 9
453 8
454 10
455 5
456 7
457 8
458 8
459 2
460 10
461 7
462 8
463 6
464 8
465 6
466 1
467 2
468 7
469 5
470 9
471 8
472 8
473 1
474 10
475 4
476 7
477 1
478 7
479 5
480 9
481 10
482 3
483 5
484 3
485 6
486 1
487 3
488 9
489 2
490 7
491 10
492 1
493 5
494 10
495 9
496 3
497 1
498 9
499 7
500 4
501 7
502 10
503 3
504 8
505 9
506 3
507 6
508 1
509 1
510 4
511 6
512 2
513 7
514 10
515 4
516 10
517 8
518 7
519 5
520 10
521 9
522 2
523 1
524 1
525 8
526 5
527 1
528 10
529 7
530 9
531 6
532 6
533 6
534 1
535 2
536 5
537 9
538 3
539 3
540 5
541 1
542 4
543 10
544 3
545 4
546 6
547 10
548 4
549 1
550 3
551 10
552 5
553 8
554 2
555 7
556 6
557 10
558 10
559 2
560 8
561 2
562 9
563 1
564 6
565 8
566 8
567 7
568 5
569 7
570 3
571 6
572 5
573 1
574 6
575 2
576 1
577 5
578 8
579 3
580 8
581 3
582 10
583 5
584 6
585 8
586 1
587 6
588 1
589 10
590 1
591 7
592 8
593 4
594 9
595 2
596 2
597 3
598 6
599 10
600 3
601 1
602 8
603 3
604 9
605 9
606 4
607 6
608 3
609 1
610 2
611 3
612 2
613 2
614 10
615 6
616 9
617 5
618 2
619 4
620 7
621 8
622 5
623 6
624 3
625 8
626 7
627 6
628 7
629 6
630 7
631 7
632 8
633 1
634 1
635 6
636 8
637 8
638 4
639 9
640 9
641 3
642 3
643 3
644 10
645 3
646 2
647 10
648 8
649 5
650 1
651 10
652 1
653 5
654 10
655 7
656 1
657 1
658 8
659 8
660 8
661 9
662 7
663 5
664 7
665 3
666 2
667 2
668 9
669 9
670 8
671 4
672 8
673 8
674 9
675 9
676 9
677 8
678 2
679 10
680 10
681 5
682 4
683 5
684 8
685 3
686 6
687 5
688 4
689 10
690 6
691 9
692 2
693 8
694 9
695 6
696 4
697 4
698 5
699 5
700 9
701 9
702 9
703 5
704 2
705 5
706 1
707 10
708 1
709 2
710 1
711 2
712 10
713 2
714 8
715 6
716 3
717 6
718 2
719 8
720 5
721 9
722 8
723 6
724 5
725 3
726 6
727 2
728 5
729 4
730 2
731 7
732 6
733 3
734 6
735 10
736 1
737 3
738 5
739 8
740 8
741 6
742 6
743 3
744 1
745 7
746 4
747 3
748 10
749 3
750 2
751 5
752 10
753 9
754 8
755 2
756 4
757 2
758 5
759 8
760 2
761 10
762 7
763 7
764 7
765 3
766 5
767 5
768 8
769 6
770 2
771 2
772 4
773 8
774 3
775 6
776 1
777 10
778 8
779 5
780 1
781 6
782 1
783 4
784 1
785 6
786 8
787 9
788 7
789 4
790 2
791 5
792 5
793 8
794 8
795 3
796 2
797 3
798 9
799 6
800 5
801 9
802 2
803 8
804 3
805 2
806 9
807 2
808 3
809 10
810 6
811 7
812 1
813 7
814 10
815 8
816 5
817 3
818 5
819 4
820 6
821 5
822 5
823 6
824 1
825 1
826 9
827 5
828 8
829 1
830 4
831 5
832 7
833 9
834 9
835 2
836 6
837 5
838 6
839 1
840 9
841 8
842 9
843 3
844 1
845 7
846 7
847 2
848 10
849 6
850 9
851 9
852 2
853 7
854 5
855 8
856 6
857 4
858 10
859 5
860 4
861 5
862 1
863 1
864 4
865 4
866 2
867 6
868 1
869 10
870 5
871 6
872 1
873 9
874 9
875 4
876 5
877 10
878 9
879 2
880 4
881 8
882 6
883 5
884 3
885 2
886 8
887 6
888 5
889 5
890 8
891 10
892 4
893 3
894 3
895 3
896 5
897 3
898 3
899 7
900 2
901 1
902 1
903 6
904 5
905 10
906 5
907 5
908 6
909 4
910 6
911 4
912 5
913 4
914 5
915 8
916 4
917 3
918 5
919 6
920 7
921 6
922 8
923 8
924 10
925 7
926 1
927 10
928 4
929 6
930 1
931 4
932 4
933 6
934 7
935 7
936 2
937 3
938 7
939 1
940 2
941 5
942 10
943 2
944 8
945 6
946 5
947 9
948 4
949 6
950 9
951 9
952 9
953 10
954 10
955 7
956 7
957 5
958 10
959 10
960 9
961 4
962 6
963 6
964 8
965 8
966 5
967 2
968 6
969 8
970 8
971 6
972 6
973 3
974 9
975 8
976 4
977 6
978 7
979 4
980 3

# Durations (p)
1 212
2 173
3 219
4 293
5 211
6 156
7 68
8 197
9 226
10 115
11 52
12 251
13 158
14 22
15 266
16 161
17 149
18 202
19 34
20 54
21 105
22 94
23 29
24 195
25 208
26 270
27 237
28 124
29 279
30 96
31 255
32 159
33 147
34 120
35 131
36 81
37 118
38 26
39 104
40 235
41 158
42 53
43 53
44 89
45 167
46 219
47 146
48 75
49 27
50 144
51 86
52 154
53 228
54 52
55 81
56 55
57 217
58 201
59 66
60 278
61 75
62 151
63 150
64 171
65 180
66 139
67 118
68 56
69 153
70 165
71 92
72 38
73 78
74 66
75 60
76 86
77 85
78 253
79 65
80 25
81 243
82 46
83 118
84 63
85 113
86 131
87 37
88 330
89 217
90 141
91 94
92 101
93 180
94 100
95 252
96 26
97 163
98 82
99 138
100 255
101 95
102 194
103 117
104 124
105 231
106 158
107 51
108 51
109 127
110 46
111 46
112 88
113 188
114 113
115 259
116 55
117 206
118 202
119 195
120 97
121 143
122 104
123 149
124 152
125 138
126 196
127 103
128 200
129 91
130 53
131 190
132 463
133 212
134 75
135 148
136 143
137 33
138 141
139 102
140 67
141 36
142 119
143 72
144 98
145 70
146 28
147 364
148 139
149 228
150 158
151 49
152 205
153 56
154 97
155 255
156 124
157 161
158 25
159 100
160 59
161 182
162 63
163 80
164 44
165 236
166 103
167 31
168 98
169 192
170 33
171 320
172 104
173 22
174 187
175 66
176 116
177 198
178 117
179 66
180 50
181 181
182 230
183 130
184 126
185 159
186 101
187 165
188 66
189 21
190 144
191 64
192 173
193 72
194 167
195 30
196 49
197 91
198 145
199 176
200 268
201 23
202 147
203 296
204 118
205 35
206 176
207 261
208 274
209 232
210 181
211 284
212 119
213 206
214 68
215 180
216 52
217 35
218 243
219 203
220 234
221 28
222 44
223 332
224 185
225 174
226 101
227 86
228 67
229 78
230 151
231 70
232 146
233 38
234 192
235 299
236 45
237 268
238 109
239 142
240 157
241 94
242 51
243 90
244 128
245 157
246 120
247 90
248 231
249 133
250 78
251 125
252 188
253 212
254 24
255 51
256 130
257 48
258 138
259 185
260 236
261 92
262 161
263 133
264 73
265 98
266 44
267 141
268 131
269 81
270 60
271 65
272 153
273 210
274 32
275 108
276 305
277 189
278 107
279 67
280 105
281 208
282 204
283 170
284 62
285 103
286 140
287 78
288 92
289 90
290 54
291 268
292 132
293 30
294 210
295 188
296 69
297 112
298 59
299 282
300 231
301 67
302 81
303 99
304 123
305 267
306 298
307 91
308 104
309 102
310 113
311 40
312 34
313 45
314 109
315 113
316 118
317 259
318 151
319 45
320 261
321 47
322 60
323 32
324 31
325 89
326 215
327 255
328 234
329 173
330 116
331 91
332 78
333 52
334 147
335 131
336 23
337 174
338 164
339 155
340 161
341 127
342 50
343 49
344 50
345 37
346 205
347 151
348 123
349 153
350 174
351 127
352 160
353 61
354 95
355 84
356 156
357 162
358 73
359 186
360 164
361 208
362 106
363 31
364 337
365 230
366 244
367 179
368 130
369 37
370 210
371 316
372 51
373 118
374 127
375 81
376 97
377 122
378 88
379 44
380 56
381 111
382 28
383 288
384 45
385 70
386 32
387 167
388 261
389 74
390 32
391 81
392 113
393 199
394 79
395 165
396 321
397 307
398 146
399 29
400 194
401 232
402 104
403 283
404 140
405 42
406 188
407 150
408 24
409 40
410 141
411 46
412 259
413 98
414 31
415 38
416 145
417 113
418 73
419 196
420 40
421 135
422 35
423 38
424 170
425 132
426 167
427 162
428 46
429 300
430 47
431 31
432 30
433 211
434 168
435 133
436 165
437 104
438 99
439 105
440 215
441 115
442 137
443 150
444 175
445 106
446 117
447 28
448 166
449 74
450 230
451 179
452 146
453 166
454 85
455 264
456 31
457 54
458 185
459 74
460 343
461 260
462 192
463 135
464 130
465 72
466 89
467 228
468 271
469 191
470 121
471 96
472 81
473 58
474 53
475 329
476 66
477 171
478 50
479 61
480 220
481 235
482 159
483 302
484 254
485 107
486 145
487 213
488 146
489 78
490 188
491 129
492 34
493 61
494 98
495 247
496 212
497 81
498 92
499 109
500 152
501 27
502 185
503 250
504 116
505 194
506 61
507 44
508 41
509 49
510 228
511 237
512 42
513 59
514 256
515 129
516 144
517 45
518 219
519 154
520 71
521 155
522 21
523 76
524 62
525 106
526 175
527 257
528 174
529 265
530 155
531 233
532 270
533 286
534 111
535 165
536 49
537 201
538 64
539 80
540 50
541 112
542 188
543 199
544 67
545 149
546 107
547 119
548 55
549 89
550 125
551 111
552 57
553 210
554 53
555 106
556 246
557 24
558 153
559 144
560 153
561 34
562 159
563 167
564 191
565 199
566 62
567 47
568 208
569 190
570 51
571 71
572 240
573 73
574 135
575 137
576 252
577 78
578 120
579 139
580 54
581 194
582 49
583 103
584 93
585 152
586 48
587 216
588 67
589 122
590 99
591 35
592 184
593 140
594 209
595 45
596 42
597 127
598 226
599 172
600 193
601 80
602 123
603 143
604 115
605 130
606 185
607 95
608 251
609 154
610 156
611 186
612 127
613 130
614 124
615 162
616 254
617 170
618 209
619 172
620 175
621 139
622 91
623 24
624 29
625 141
626 76
627 31
628 33
629 171
630 185
631 44
632 60
633 69
634 166
635 70
636 75
637 76
638 115
639 145
640 96
641 227
642 110
643 90
644 127
645 180
646 115
647 185
648 137
649 49
650 33
651 131
652 126
653 167
654 193
655 152
656 195
657 252
658 139
659 144
660 150
661 305
662 127
663 213
664 106
665 168
666 162
667 133
668 155
669 233
670 80
671 79
672 158
673 167
674 90
675 67
676 98
677 264
678 24
679 193
680 308
681 148
682 145
683 63
684 235
685 197
686 33
687 92
688 52
689 110
690 43
691 70
692 174
693 78
694 134
695 321
696 105
697 21
698 34
699 103
700 174
701 70
702 179
703 132
704 48
705 172
706 22
707 92
708 181
709 166
710 200
711 240
712 211
713 217
714 166
715 89
716 169
717 346
718 100
719 223
720 276
721 185
722 31
723 32
724 68
725 167
726 159
727 123
728 153
729 247
730 70
731 37
732 108
733 38
734 25
735 284
736 228
737 276
738 50
739 68
740 33
741 111
742 166
743 188
744 154
745 217
746 73
747 163
748 297
749 101
750 186
751 78
752 303
753 189
754 126
755 142
756 144
757 79
758 61
759 173
760 43
761 91
762 85
763 56
764 101
765 92
766 198
767 272
768 112
769 139
770 162
771 75
772 126
773 54
774 78
775 165
776 88
777 104
778 116
779 149
780 158
781 151
782 223
783 47
784 61
785 209
786 119
787 169
788 120
789 78
790 31
791 189
792 133
793 191
794 153
795 68
796 32
797 200
798 210
799 77
800 95
801 159
802 59
803 126
804 115
805 252
806 306
807 62
808 93
809 156
810 35
811 118
812 69
813 76
814 70
815 113
816 213
817 53
818 126
819 118
820 98
821 184
822 101
823 46
824 187
825 229
826 115
827 125
828 51
829 95
830 113
831 116
832 208
833 92
834 204
835 49
836 108
837 131
838 173
839 189
840 241
841 116
842 83
843 98
844 156
845 111
846 340
847 22
848 63
849 106
850 105
851 103
852 238
853 88
854 120
855 315
856 119
857 104
858 58
859 36
860 161
861 26
862 43
863 98
864 81
865 170
866 242
867 34
868 94
869 365
870 80
871 274
872 249
873 224
874 41
875 317
876 187
877 225
878 71
879 142
880 180
881 198
882 150
883 141
884 268
885 108
886 91
887 265
888 60
889 30
890 126
891 162
892 221
893 112
894 31
895 220
896 55
897 72
898 121
899 133
900 41
901 80
902 122
903 105
904 82
905 145
906 217
907 86
908 209
909 117
910 227
911 70
912 92
913 329
914 219
915 184
916 281
917 90
918 99
919 73
920 160
921 234
922 174
923 101
924 171
925 80
926 118
927 92
928 205
929 33
930 117
931 121
932 74
933 46
934 163
935 79
936 123
937 363
938 84
939 68
940 48
941 67
942 105
943 83
944 50
945 86
946 192
947 177
948 75
949 231
950 44
951 34
952 40
953 160
954 340
955 193
956 48
957 99
958 160
959 171
960 139
961 157
962 82
963 23
964 164
965 62
966 49
967 118
968 239
969 236
970 172
971 116
972 161
973 85
974 143
975 176
976 129
977 387
978 224
979 189
980 125

orderrules
1 153 au000 avant au152
2 153 au001 avant au152
3 153 au002 avant au152
4 226 au003 avant au225
5 63 au004 avant au062
6 63 au005 avant au062
7 257 au006 avant au256
8 308 au007 avant au307
9 158 au008 avant au157
11 24 au010 avant au023
11 27 au010 avant au026
11 34 au010 avant au033
12 30 au011 avant au029
13 39 au012 avant au038
14 40 au013 avant au039
15 33 au014 avant au032
17 25 au016 avant au024
17 32 au016 avant au031
18 36 au017 avant au035
18 38 au017 avant au037
19 23 au018 avant au022
19 26 au018 avant au025
20 31 au019 avant au030
20 35 au019 avant au034
20 37 au019 avant au036
21 28 au020 avant au027
22 29 au021 avant au028
23 153 au022 avant au152
24 226 au023 avant au225
25 63 au024 avant au062
26 63 au025 avant au062
27 63 au026 avant au062
28 63 au027 avant au062
29 257 au028 avant au256
30 158 au029 avant au157
31 52 au030 avant au051
32 45 au031 avant au044
32 60 au031 avant au059
33 42 au032 avant au041
33 49 au032 avant au048
33 53 au032 avant au052
33 54 au032 avant au053
33 99 au032 avant au098
34 41 au033 avant au040
34 51 au033 avant au050
34 59 au033 avant au058
35 57 au034 avant au056
36 43 au035 avant au042
37 46 au036 avant au045
37 48 au036 avant au047
37 56 au036 avant au055
38 47 au037 avant au046
38 50 au037 avant au049
38 58 au037 avant au057
39 44 au038 avant au043
39 55 au038 avant au054
40 580 au039 avant au579
41 226 au040 avant au225
42 226 au041 avant au225
43 63 au042 avant au062
44 257 au043 avant au256
45 631 au044 avant au630
46 62 au045 avant au061
47 61 au046 avant au060
47 65 au046 avant au064
47 76 au046 avant au075
48 904 au047 avant au903
49 69 au048 avant au068
53 66 au052 avant au065
53 74 au052 avant au073
54 73 au053 avant au072
55 71 au054 avant au070
56 67 au055 avant au066
57 72 au056 avant au071
58 887 au057 avant au886
59 68 au058 avant au067
59 70 au058 avant au069
59 240 au058 avant au239
60 64 au059 avant au063
60 75 au059 avant au074
61 153 au060 avant au152
62 153 au061 avant au152
63 78 au062 avant au077
63 79 au062 avant au078
63 80 au062 avant au079
63 81 au062 avant au080
63 82 au062 avant au081
63 83 au062 avant au082
64 158 au063 avant au157
65 158 au064 avant au157
67 90 au066 avant au089
68 88 au067 avant au087
68 92 au067 avant au091
68 95 au067 avant au094
68 96 au067 avant au095
69 91 au068 avant au090
70 86 au069 avant au085
70 98 au069 avant au097
71 84 au070 avant au083
71 93 au070 avant au092
71 94 au070 avant au093
72 87 au071 avant au086
72 97 au071 avant au096
73 85 au072 avant au084
74 872 au073 avant au871
75 77 au074 avant au076
76 89 au075 avant au088
77 153 au076 avant au152
78 101 au077 avant au100
78 109 au077 avant au108
80 111 au079 avant au110
81 112 au080 avant au111
81 116 au080 avant au115
81 320 au080 avant au319
85 102 au084 avant au101
86 117 au085 avant au116
87 103 au086 avant au102
89 115 au088 avant au114
89 162 au088 avant au161
90 104 au089 avant au103
90 105 au089 avant au104
90 106 au089 avant au105
92 113 au091 avant au112
94 100 au093 avant au099
94 110 au093 avant au109
94 114 au093 avant au113
97 107 au096 avant au106
98 99 au097 avant au098
98 108 au097 avant au107
99 153 au098 avant au152
100 436 au099 avant au435
101 158 au100 avant au157
102 551 au101 avant au550
103 128 au102 avant au127
103 129 au102 avant au128
104 124 au103 avant au123
104 125 au103 avant au124
106 120 au105 avant au119
106 127 au105 avant au126
109 119 au108 avant au118
109 131 au108 avant au130
110 118 au109 avant au117
111 121 au110 avant au120
111 130 au110 avant au129
112 122 au111 avant au121
114 379 au113 avant au378
115 123 au114 avant au122
115 422 au114 avant au421
117 126 au116 avant au125
118 153 au117 avant au152
119 226 au118 avant au225
120 458 au119 avant au457
121 158 au120 avant au157
122 141 au121 avant au140
122 143 au121 avant au142
122 806 au121 avant au805
123 133 au122 avant au132
123 138 au122 avant au137
123 142 au122 avant au141
123 145 au122 avant au144
124 151 au123 avant au150
125 134 au124 avant au133
125 150 au124 avant au149
126 132 au125 avant au131
126 136 au125 avant au135
126 139 au125 avant au138
126 152 au125 avant au151
127 148 au126 avant au147
127 149 au126 avant au148
129 137 au128 avant au136
129 147 au128 avant au146
130 146 au129 avant au145
131 135 au130 avant au134
131 140 au130 avant au139
131 144 au130 avant au143
132 153 au131 avant au152
133 226 au132 avant au225
134 744 au133 avant au743
135 630 au134 avant au629
136 308 au135 avant au307
137 158 au136 avant au157
138 158 au137 avant au157
139 168 au138 avant au167
141 155 au140 avant au154
141 161 au140 avant au160
144 154 au143 avant au153
144 164 au143 avant au163
145 156 au144 avant au155
145 159 au144 avant au158
146 163 au145 avant au162
147 162 au146 avant au161
147 166 au146 avant au165
148 160 au147 avant au159
149 157 au148 avant au156
151 167 au150 avant au166
152 165 au151 avant au164
153 169 au152 avant au168
153 170 au152 avant au169
153 171 au152 avant au170
153 172 au152 avant au171
153 173 au152 avant au172
153 174 au152 avant au173
153 187 au152 avant au186
154 226 au153 avant au225
155 630 au154 avant au629
156 436 au155 avant au435
157 436 au156 avant au435
158 175 au157 avant au174
158 176 au157 avant au175
158 177 au157 avant au176
158 178 au157 avant au177
158 179 au157 avant au178
158 180 au157 avant au179
158 186 au157 avant au185
159 181 au158 avant au180
161 390 au160 avant au389
162 184 au161 avant au183
162 185 au161 avant au184
163 182 au162 avant au181
163 183 au162 avant au182
167 188 au166 avant au187
169 191 au168 avant au190
169 193 au168 avant au192
169 201 au168 avant au200
172 199 au171 avant au198
172 208 au171 avant au207
172 209 au171 avant au208
174 197 au173 avant au196
174 557 au173 avant au556
177 401 au176 avant au400
178 200 au177 avant au199
179 206 au178 avant au205
179 207 au178 avant au206
181 189 au180 avant au188
181 194 au180 avant au193
181 302 au180 avant au301
182 190 au181 avant au189
183 196 au182 avant au195
184 192 au183 avant au191
185 195 au184 avant au194
186 527 au185 avant au526
187 198 au186 avant au197
187 202 au186 avant au201
187 203 au186 avant au202
188 204 au187 avant au203
188 205 au187 avant au204
189 226 au188 avant au225
190 308 au189 avant au307
191 631 au190 avant au630
192 631 au191 avant au630
193 614 au192 avant au613
197 220 au196 avant au219
197 223 au196 avant au222
198 210 au197 avant au209
200 215 au199 avant au214
201 213 au200 avant au212
201 219 au200 avant au218
202 217 au201 avant au216
202 221 au201 avant au220
203 225 au202 avant au224
204 224 au203 avant au223
205 216 au204 avant au215
205 222 au204 avant au221
206 212 au205 avant au211
207 214 au206 avant au213
209 211 au208 avant au210
209 218 au208 avant au217
210 226 au209 avant au225
211 308 au210 avant au307
212 436 au211 avant au435
213 230 au212 avant au229
213 231 au212 avant au230
213 232 au212 avant au231
213 238 au212 avant au237
213 247 au212 avant au246
213 521 au212 avant au520
216 240 au215 avant au239
216 243 au215 avant au242
217 242 au216 avant au241
218 244 au217 avant au243
219 227 au218 avant au226
220 234 au219 avant au233
220 236 au219 avant au235
222 229 au221 avant au228
222 233 au221 avant au232
222 235 au221 avant au234
222 237 au221 avant au236
222 239 au221 avant au238
222 241 au221 avant au240
223 246 au222 avant au245
223 248 au222 avant au247
224 843 au223 avant au842
225 228 au224 avant au227
225 245 au224 avant au244
225 337 au224 avant au336
226 249 au225 avant au248
226 250 au225 avant au249
226 251 au225 avant au250
226 252 au225 avant au251
226 253 au225 avant au252
226 254 au225 avant au253
226 255 au225 avant au254
226 256 au225 avant au255
226 386 au225 avant au385
227 257 au226 avant au256
228 728 au227 avant au727
229 631 au228 avant au630
230 261 au229 avant au260
230 267 au229 avant au266
231 258 au230 avant au257
233 270 au232 avant au269
234 263 au233 avant au262
234 269 au233 avant au268
235 792 au234 avant au791
239 262 au238 avant au261
239 265 au238 avant au264
240 259 au239 avant au258
241 266 au240 avant au265
242 264 au241 avant au263
243 271 au242 avant au270
245 629 au244 avant au628
246 458 au245 avant au457
248 260 au247 avant au259
248 268 au247 avant au267
249 744 au248 avant au743
251 282 au250 avant au281
252 278 au251 avant au277
252 284 au251 avant au283
254 279 au253 avant au278
255 283 au254 avant au282
257 272 au256 avant au271
257 273 au256 avant au272
257 274 au256 avant au273
257 275 au256 avant au274
257 276 au256 avant au275
257 285 au256 avant au284
258 458 au257 avant au457
259 287 au258 avant au286
264 288 au263 avant au287
265 286 au264 avant au285
265 583 au264 avant au582
266 280 au265 avant au279
267 361 au266 avant au360
269 281 au268 avant au280
269 289 au268 avant au288
269 400 au268 avant au399
270 277 au269 avant au276
271 319 au270 avant au318
272 436 au271 avant au435
273 458 au272 avant au457
274 294 au273 avant au293
274 299 au273 avant au298
275 290 au274 avant au289
275 291 au274 avant au290
278 301 au277 avant au300
279 511 au278 avant au510
280 296 au279 avant au295
280 305 au279 avant au304
281 300 au280 avant au299
282 293 au281 avant au292
282 295 au281 avant au294
285 297 au284 avant au296
286 302 au285 avant au301
287 292 au286 avant au291
288 303 au287 avant au302
288 306 au287 avant au305
289 298 au288 avant au297
289 304 au288 avant au303
290 308 au289 avant au307
291 458 au290 avant au457
292 631 au291 avant au630
293 319 au292 avant au318
295 310 au294 avant au309
296 313 au295 avant au312
297 311 au296 avant au310
297 322 au296 avant au321
298 309 au297 avant au308
298 314 au297 avant au313
298 318 au297 avant au317
299 770 au298 avant au769
301 312 au300 avant au311
301 321 au300 avant au320
301 460 au300 avant au459
302 315 au301 avant au314
303 645 au302 avant au644
303 884 au302 avant au883
304 320 au303 avant au319
305 316 au304 avant au315
305 317 au304 avant au316
306 307 au305 avant au306
307 744 au306 avant au743
308 324 au307 avant au323
308 325 au307 avant au324
308 326 au307 avant au325
308 327 au307 avant au326
308 328 au307 avant au327
309 332 au308 avant au331
309 338 au308 avant au337
311 323 au310 avant au322
311 330 au310 avant au329
312 331 au311 avant au330
312 336 au311 avant au335
312 752 au311 avant au751
313 333 au312 avant au332
314 329 au313 avant au328
316 339 au315 avant au338
316 341 au315 avant au340
321 568 au320 avant au567
322 334 au321 avant au333
322 335 au321 avant au334
322 337 au321 avant au336
322 340 au321 avant au339
323 744 au322 avant au743
325 352 au324 avant au351
326 346 au325 avant au345
327 342 au326 avant au341
328 347 au327 avant au346
329 458 au328 avant au457
330 344 au329 avant au343
331 348 au330 avant au347
331 788 au330 avant au787
333 343 au332 avant au342
333 351 au332 avant au350
333 357 au332 avant au356
334 349 au333 avant au348
335 353 au334 avant au352
339 345 au338 avant au344
339 355 au338 avant au354
339 356 au338 avant au355
340 350 au339 avant au349
341 354 au340 avant au353
342 458 au341 avant au457
343 358 au342 avant au357
345 366 au344 avant au365
345 372 au344 avant au371
345 374 au344 avant au373
346 377 au345 avant au376
350 360 au349 avant au359
350 363 au349 avant au362
350 367 au349 avant au366
350 369 au349 avant au368
350 370 au349 avant au369
350 375 au349 avant au374
351 364 au350 avant au363
353 359 au352 avant au358
353 715 au352 avant au714
354 365 au353 avant au364
354 376 au353 avant au375
355 371 au354 avant au370
355 373 au354 avant au372
356 361 au355 avant au360
357 362 au356 avant au361
357 368 au356 avant au367
357 927 au356 avant au926
358 962 au357 avant au961
359 614 au358 avant au613
360 386 au359 avant au385
360 390 au359 avant au389
362 380 au361 avant au379
362 383 au361 avant au382
362 391 au361 avant au390
363 379 au362 avant au378
364 378 au363 avant au377
364 393 au363 avant au392
368 382 au367 avant au381
368 384 au367 avant au383
368 385 au367 avant au384
370 387 au369 avant au386
370 389 au369 avant au388
372 687 au371 avant au686
373 396 au372 avant au395
374 381 au373 avant au380
374 392 au373 avant au391
374 394 au373 avant au393
375 395 au374 avant au394
376 388 au375 avant au387
378 630 au377 avant au629
379 549 au378 avant au548
380 402 au379 avant au401
381 414 au380 avant au413
382 408 au381 avant au407
383 399 au382 avant au398
385 412 au384 avant au411
386 397 au385 avant au396
386 413 au385 avant au412
387 410 au386 avant au409
388 406 au387 avant au405
389 400 au388 avant au399
389 411 au388 avant au410
391 398 au390 avant au397
391 404 au390 avant au403
391 405 au390 avant au404
391 409 au390 avant au408
394 401 au393 avant au400
396 403 au395 avant au402
396 407 au395 avant au406
397 728 au396 avant au727
399 423 au398 avant au422
401 421 au400 avant au420
402 417 au401 avant au416
402 420 au401 avant au419
402 430 au401 avant au429
403 415 au402 avant au414
404 428 au403 avant au427
405 419 au404 avant au418
406 427 au405 avant au426
406 434 au405 avant au433
407 425 au406 avant au424
407 431 au406 avant au430
407 433 au406 avant au432
408 418 au407 avant au417
408 643 au407 avant au642
410 432 au409 avant au431
411 814 au410 avant au813
413 426 au412 avant au425
413 429 au412 avant au428
414 416 au413 avant au415
414 422 au413 avant au421
414 424 au413 avant au423
415 744 au414 avant au743
416 630 au415 avant au629
417 436 au416 avant au435
418 436 au417 avant au435
419 614 au418 avant au613
420 441 au419 avant au440
420 443 au419 avant au442
422 442 au421 avant au441
425 438 au424 avant au437
426 446 au425 avant au445
427 448 au426 avant au447
427 452 au426 avant au451
427 453 au426 avant au452
428 444 au427 avant au443
428 450 au427 avant au449
429 439 au428 avant au438
429 447 au428 avant au446
429 451 au428 avant au450
432 435 au431 avant au434
432 440 au431 avant au439
432 969 au431 avant au968
433 437 au432 avant au436
433 445 au432 avant au444
433 449 au432 avant au448
435 744 au434 avant au743
436 454 au435 avant au453
436 455 au435 avant au454
436 456 au435 avant au455
436 457 au435 avant au456
437 458 au436 avant au457
439 462 au438 avant au461
439 470 au438 avant au469
440 465 au439 avant au464
440 704 au439 avant au703
441 460 au440 avant au459
442 464 au441 avant au463
442 466 au441 avant au465
442 469 au441 avant au468
443 472 au442 avant au471
444 463 au443 avant au462
447 459 au446 avant au458
449 468 au448 avant au467
450 461 au449 avant au460
453 467 au452 avant au466
453 471 au452 avant au470
456 493 au455 avant au492
456 827 au455 avant au826
457 485 au456 avant au484
458 474 au457 avant au473
458 475 au457 avant au474
458 476 au457 avant au475
458 477 au457 avant au476
458 478 au457 avant au477
458 479 au457 avant au478
458 480 au457 avant au479
458 481 au457 avant au480
458 486 au457 avant au485
458 492 au457 avant au491
459 851 au458 avant au850
461 494 au460 avant au493
463 482 au462 avant au481
464 483 au463 avant au482
464 489 au463 avant au488
466 490 au465 avant au489
466 495 au465 avant au494
467 488 au466 avant au487
468 484 au467 avant au483
469 487 au468 avant au486
470 473 au469 avant au472
471 491 au470 avant au490
471 605 au470 avant au604
473 549 au472 avant au548
474 498 au473 avant au497
474 503 au473 avant au502
475 504 au474 avant au503
476 502 au475 avant au501
477 505 au476 avant au504
478 501 au477 avant au500
479 496 au478 avant au495
479 506 au478 avant au505
480 511 au479 avant au510
483 500 au482 avant au499
486 507 au485 avant au506
487 897 au486 avant au896
489 499 au488 avant au498
490 512 au489 avant au511
492 510 au491 avant au509
495 497 au494 avant au496
495 508 au494 avant au507
495 509 au494 avant au508
496 549 au495 avant au548
500 521 au499 avant au520
500 527 au499 avant au526
501 599 au500 avant au598
502 522 au501 avant au521
507 516 au506 avant au515
507 518 au506 avant au517
507 520 au506 avant au519
507 525 au506 avant au524
507 526 au506 avant au525
508 523 au507 avant au522
509 514 au508 avant au513
509 517 au508 avant au516
510 519 au509 avant au518
511 513 au510 avant au512
511 524 au510 avant au523
512 515 au511 avant au514
513 630 au512 avant au629
514 534 au513 avant au533
515 536 au514 avant au535
515 542 au514 avant au541
515 543 au514 avant au542
516 528 au515 avant au527
517 538 au516 avant au537
518 529 au517 avant au528
518 531 au517 avant au530
518 548 au517 avant au547
519 547 au518 avant au546
520 541 au519 avant au540
521 532 au520 avant au531
521 533 au520 avant au532
521 878 au520 avant au877
522 530 au521 avant au529
522 537 au521 avant au536
522 540 au521 avant au539
523 546 au522 avant au545
524 544 au523 avant au543
525 535 au524 avant au534
526 539 au525 avant au538
526 545 au525 avant au544
528 549 au527 avant au548
529 549 au528 avant au548
530 614 au529 avant au613
531 550 au530 avant au549
531 563 au530 avant au562
532 555 au531 avant au554
532 557 au531 avant au556
532 560 au531 avant au559
533 559 au532 avant au558
533 772 au532 avant au771
535 562 au534 avant au561
536 552 au535 avant au551
536 558 au535 avant au557
536 566 au535 avant au565
536 629 au535 avant au628
537 554 au536 avant au553
537 561 au536 avant au560
540 556 au539 avant au555
542 567 au541 avant au566
543 564 au542 avant au563
544 568 au543 avant au567
545 551 au544 avant au550
545 553 au544 avant au552
548 565 au547 avant au564
549 569 au548 avant au568
549 570 au548 avant au569
549 571 au548 avant au570
549 572 au548 avant au571
549 573 au548 avant au572
549 574 au548 avant au573
549 575 au548 avant au574
549 576 au548 avant au575
549 577 au548 avant au576
549 588 au548 avant au587
550 590 au549 avant au589
552 578 au551 avant au577
552 857 au551 avant au856
553 580 au552 avant au579
553 584 au552 avant au583
553 587 au552 avant au586
554 581 au553 avant au580
556 588 au555 avant au587
558 582 au557 avant au581
559 586 au558 avant au585
561 583 au560 avant au582
561 585 au560 avant au584
562 589 au561 avant au588
565 591 au564 avant au590
566 579 au565 avant au578
569 598 au568 avant au597
570 592 au569 avant au591
571 593 au570 avant au592
572 600 au571 avant au599
573 857 au572 avant au856
574 602 au573 avant au601
574 606 au573 avant au605
574 899 au573 avant au898
576 595 au575 avant au594
577 604 au576 avant au603
579 601 au578 avant au600
582 607 au581 avant au606
583 599 au582 avant au598
583 603 au582 avant au602
583 610 au582 avant au609
585 605 au584 avant au604
586 594 au585 avant au593
586 608 au585 avant au607
586 609 au585 avant au608
588 596 au587 avant au595
590 597 au589 avant au596
592 614 au591 avant au613
593 614 au592 avant au613
594 611 au593 avant au610
594 615 au593 avant au614
595 622 au594 avant au621
598 625 au597 avant au624
598 678 au597 avant au677
599 619 au598 avant au618
600 612 au599 avant au611
601 613 au600 avant au612
603 623 au602 avant au622
603 626 au602 avant au625
603 627 au602 avant au626
603 709 au602 avant au708
604 629 au603 avant au628
605 621 au604 avant au620
605 628 au604 avant au627
607 617 au606 avant au616
608 620 au607 avant au619
608 624 au607 avant au623
610 616 au609 avant au615
610 618 au609 avant au617
611 630 au610 avant au629
612 728 au611 avant au727
613 631 au612 avant au630
614 632 au613 avant au631
614 633 au613 avant au632
614 634 au613 avant au633
614 635 au613 avant au634
614 636 au613 avant au635
614 637 au613 avant au636
615 652 au614 avant au651
616 647 au615 avant au646
617 641 au616 avant au640
617 653 au616 avant au652
619 639 au618 avant au638
619 644 au618 avant au643
619 648 au618 avant au647
619 650 au618 avant au649
620 646 au619 avant au645
621 638 au620 avant au637
622 642 au621 avant au641
622 643 au621 avant au642
624 645 au623 avant au644
625 640 au624 avant au639
628 649 au627 avant au648
629 651 au628 avant au650
630 656 au629 avant au655
630 657 au629 avant au656
630 658 au629 avant au657
630 659 au629 avant au658
630 660 au629 avant au659
630 661 au629 avant au660
630 662 au629 avant au661
630 663 au629 avant au662
630 664 au629 avant au663
630 665 au629 avant au664
630 666 au629 avant au665
630 667 au629 avant au666
630 668 au629 avant au667
630 669 au629 avant au668
630 686 au629 avant au685
631 670 au630 avant au669
631 671 au630 avant au670
631 672 au630 avant au671
631 673 au630 avant au672
631 674 au630 avant au673
631 675 au630 avant au674
631 676 au630 avant au675
631 677 au630 avant au676
633 655 au632 avant au654
638 832 au637 avant au831
640 654 au639 avant au653
640 679 au639 avant au678
640 684 au639 avant au683
641 681 au640 avant au680
641 685 au640 avant au684
642 687 au641 avant au686
644 678 au643 avant au677
644 682 au643 avant au681
646 683 au645 avant au682
649 680 au648 avant au679
650 688 au649 avant au687
654 962 au653 avant au961
655 962 au654 avant au961
657 698 au656 avant au697
657 704 au656 avant au703
658 693 au657 avant au692
659 689 au658 avant au688
661 707 au660 avant au706
667 706 au666 avant au705
669 694 au668 avant au693
669 701 au668 avant au700
670 691 au669 avant au690
671 705 au670 avant au704
674 692 au673 avant au691
674 696 au673 avant au695
674 697 au673 avant au696
677 695 au676 avant au694
677 702 au676 avant au701
683 700 au682 avant au699
683 703 au682 avant au702
684 699 au683 avant au698
685 690 au684 avant au689
689 962 au688 avant au961
690 728 au689 avant au727
691 720 au690 avant au719
691 723 au690 avant au722
692 715 au691 avant au714
695 710 au694 avant au709
695 713 au694 avant au712
695 874 au694 avant au873
696 716 au695 avant au715
696 879 au695 avant au878
697 721 au696 avant au720
698 724 au697 avant au723
699 714 au698 avant au713
699 718 au698 avant au717
700 719 au699 avant au718
700 726 au699 avant au725
701 725 au700 avant au724
703 711 au702 avant au710
704 717 au703 avant au716
705 708 au704 avant au707
705 712 au704 avant au711
705 722 au704 avant au721
707 709 au706 avant au708
708 728 au707 avant au727
709 743 au708 avant au742
710 729 au709 avant au728
710 740 au709 avant au739
713 741 au712 avant au740
714 727 au713 avant au726
715 730 au714 avant au729
715 733 au714 avant au732
715 739 au714 avant au738
716 735 au715 avant au734
716 737 au715 avant au736
722 731 au721 avant au730
723 732 au722 avant au731
723 736 au722 avant au735
723 738 au722 avant au737
723 924 au722 avant au923
726 734 au725 avant au733
726 742 au725 avant au741
727 744 au726 avant au743
728 745 au727 avant au744
728 746 au727 avant au745
728 747 au727 avant au746
728 748 au727 avant au747
728 758 au727 avant au757
728 762 au727 avant au761
731 752 au730 avant au751
732 750 au731 avant au749
734 751 au733 avant au750
734 754 au733 avant au753
734 755 au733 avant au754
734 760 au733 avant au759
735 756 au734 avant au755
737 749 au736 avant au748
737 757 au736 avant au756
738 753 au737 avant au752
739 759 au738 avant au758
742 761 au741 avant au760
744 763 au743 avant au762
744 764 au743 avant au763
744 765 au743 avant au764
744 766 au743 avant au765
744 767 au743 avant au766
744 768 au743 avant au767
744 769 au743 avant au768
745 775 au744 avant au774
746 773 au745 avant au772
748 777 au747 avant au776
748 779 au747 avant au778
749 772 au748 avant au771
753 774 au752 avant au773
756 778 au755 avant au777
756 780 au755 avant au779
758 770 au757 avant au769
758 776 au757 avant au775
760 771 au759 avant au770
763 788 au762 avant au787
767 787 au766 avant au786
767 794 au766 avant au793
768 790 au767 avant au789
769 781 au768 avant au780
770 789 au769 avant au788
770 791 au769 avant au790
770 796 au769 avant au795
771 785 au770 avant au784
773 782 au772 avant au781
773 784 au772 avant au783
774 783 au773 avant au782
774 795 au773 avant au794
775 786 au774 avant au785
778 792 au777 avant au791
779 797 au778 avant au796
779 798 au778 avant au797
780 793 au779 avant au792
780 796 au779 avant au795
781 802 au780 avant au801
781 807 au780 avant au806
786 809 au785 avant au808
787 808 au786 avant au807
789 803 au788 avant au802
789 805 au788 avant au804
792 806 au791 avant au805
792 891 au791 avant au890
793 801 au792 avant au800
794 804 au793 avant au803
798 799 au797 avant au798
798 800 au797 avant au799
799 813 au798 avant au812
800 810 au799 avant au809
801 811 au800 avant au810
802 814 au801 avant au813
803 818 au802 avant au817
805 812 au804 avant au811
807 815 au806 avant au814
807 817 au806 avant au816
808 816 au807 avant au815
810 820 au809 avant au819
810 821 au809 avant au820
810 823 au809 avant au822
811 824 au810 avant au823
811 830 au810 avant au829
812 826 au811 avant au825
812 831 au811 avant au830
812 836 au811 avant au835
812 837 au811 avant au836
812 839 au811 avant au838
813 825 au812 avant au824
814 828 au813 avant au827
815 819 au814 avant au818
815 829 au814 avant au828
816 822 au815 avant au821
816 834 au815 avant au833
817 827 au816 avant au826
817 838 au816 avant au837
817 840 au816 avant au839
818 832 au817 avant au831
818 833 au817 avant au832
818 835 au817 avant au834
821 849 au820 avant au848
822 854 au821 avant au853
823 846 au822 avant au845
826 843 au825 avant au842
827 845 au826 avant au844
828 841 au827 avant au840
832 844 au831 avant au843
832 848 au831 avant au847
833 852 au832 avant au851
834 847 au833 avant au846
834 850 au833 avant au849
835 842 au834 avant au841
838 853 au837 avant au852
840 851 au839 avant au850
842 865 au841 avant au864
844 855 au843 avant au854
844 867 au843 avant au866
845 858 au844 avant au857
845 869 au844 avant au868
847 863 au846 avant au862
848 861 au847 avant au860
848 871 au847 avant au870
849 868 au848 avant au867
850 857 au849 avant au856
850 860 au849 avant au859
850 866 au849 avant au865
850 872 au849 avant au871
852 862 au851 avant au861
852 864 au851 avant au863
852 873 au851 avant au872
852 874 au851 avant au873
853 859 au852 avant au858
854 856 au853 avant au855
854 870 au853 avant au869
855 881 au854 avant au880
855 891 au854 avant au890
855 892 au854 avant au891
857 888 au856 avant au887
859 876 au858 avant au875
859 885 au858 avant au884
859 887 au858 avant au886
862 883 au861 avant au882
863 879 au862 avant au878
863 889 au862 avant au888
863 890 au862 avant au889
864 886 au863 avant au885
866 884 au865 avant au883
868 880 au867 avant au879
869 882 au868 avant au881
870 877 au869 avant au876
871 875 au870 avant au874
872 878 au871 avant au877
876 900 au875 avant au899
877 905 au876 avant au904
878 893 au877 avant au892
879 899 au878 avant au898
879 903 au878 avant au902
880 896 au879 avant au895
883 910 au882 avant au909
883 912 au882 avant au911
884 894 au883 avant au893
884 895 au883 avant au894
884 908 au883 avant au907
885 897 au884 avant au896
885 901 au884 avant au900
885 902 au884 avant au901
886 909 au885 avant au908
887 904 au886 avant au903
888 911 au887 avant au910
888 913 au887 avant au912
890 898 au889 avant au897
891 906 au890 avant au905
891 907 au890 avant au906
893 922 au892 avant au921
894 924 au893 avant au923
895 919 au894 avant au918
896 927 au895 avant au926
897 917 au896 avant au916
899 914 au898 avant au913
899 916 au898 avant au915
899 920 au898 avant au919
899 926 au898 avant au925
900 928 au899 avant au927
902 921 au901 avant au920
902 965 au901 avant au964
903 918 au902 avant au917
903 925 au902 avant au924
907 915 au906 avant au914
908 923 au907 avant au922
910 977 au909 avant au976
914 940 au913 avant au939
915 942 au914 avant au941
915 943 au914 avant au942
917 935 au916 avant au934
918 932 au917 avant au931
921 938 au920 avant au937
924 936 au923 avant au935
924 939 au923 avant au938
925 929 au924 avant au928
927 930 au926 avant au929
927 941 au926 avant au940
928 931 au927 avant au930
928 933 au927 avant au932
928 934 au927 avant au933
928 937 au927 avant au936
930 954 au929 avant au953
931 950 au930 avant au949
932 949 au931 avant au948
934 944 au933 avant au943
934 959 au933 avant au958
936 946 au935 avant au945
938 960 au937 avant au959
939 948 au938 avant au947
939 951 au938 avant au950
939 952 au938 avant au951
939 955 au938 avant au954
940 956 au939 avant au955
942 947 au941 avant au946
942 957 au941 avant au956
942 958 au941 avant au957
943 945 au942 avant au944
943 953 au942 avant au952
943 961 au942 avant au960
944 962 au943 avant au961
945 970 au944 avant au969
945 974 au944 avant au973
948 965 au947 avant au964
948 967 au947 avant au966
948 976 au947 avant au975
949 966 au948 avant au965
949 971 au948 avant au970
951 972 au950 avant au971
952 968 au951 avant au967
952 973 au951 avant au972
953 969 au952 avant au968
958 964 au957 avant au963
959 975 au958 avant au974
959 977 au958 avant au976
960 963 au959 avant au962
962 978 au961 avant au977
962 979 au961 avant au978
962 980 au961 avant au979
