# Components (V)
1 2 3 4 5 6 7 8 9 10 11 12 13 14 15 16 17 18 19 20

# Precedence arcs (E)
1 4
1 5
1 6
1 12
2 6
2 12
3 7
4 8
5 9
6 11
7 10
7 11
7 12
8 13
9 13
10 20
11 13
11 14
13 15
13 16
13 18
14 17
15 19
15 20

# Target components (T)
18 17

# Revenues (r)
1 22
2 24
3 21
4 24
5 29
6 28
7 24
8 27
9 28
10 25
11 30
12 29
13 29
14 23
15 22
16 22
17 28
18 28
19 26
20 30

# Costs (c)
1 2
2 6
3 3
4 7
5 9
6 6
7 5
8 4
9 6
10 3
11 7
12 7
13 3
14 2
15 8
16 4
17 7
18 10
19 5
20 10

# Durations (p)
1 248
2 282
3 56
4 105
5 78
6 125
7 305
8 47
9 75
10 126
11 105
12 127
13 126
14 183
15 126
16 97
17 291
18 242
19 150
20 63

orderrules
1 4 au000 avant au003
1 5 au000 avant au004
1 6 au000 avant au005
1 12 au000 avant au011
2 6 au001 avant au005
2 12 au001 avant au011
3 7 au002 avant au006
4 8 au003 avant au007
5 9 au004 avant au008
6 11 au005 avant au010
7 10 au006 avant au009
7 11 au006 avant au010
7 12 au006 avant au011
8 13 au007 avant au012
9 13 au008 avant au012
10 20 au009 avant au019
11 13 au010 avant au012
11 14 au010 avant au013
13 15 au012 avant au014
13 16 au012 avant au015
13 18 au012 avant au017
14 17 au013 avant au016
15 19 au014 avant au018
15 20 au014 avant au019
