# Components (V)
1 2 3 4 5 6 7 8 9 10 11 12 13 14 15 16 17 18 19 20

# Precedence arcs (E)
1 5
2 6
3 7
4 8
5 9
6 10
7 10
8 10
9 11
10 12
10 13
10 14
10 15
11 15
14 16
15 17
15 19
15 20
16 18

# Target components (T)
18 17

# Revenues (r)
1 25
2 23
3 21
4 27
5 23
6 25
7 23
8 27
9 23
10 23
11 22
12 26
13 23
14 23
15 20
16 26
17 28
18 23
19 20
20 27

# Costs (c)
1 1
2 6
3 8
4 6
5 7
6 1
7 3
8 10
9 3
10 8
11 5
12 6
13 5
14 4
15 4
16 2
17 7
18 10
19 2
20 7

# Durations (p)
1 83
2 78
3 84
4 209
5 179
6 38
7 220
8 168
9 210
10 72
11 89
12 242
13 207
14 114
15 32
16 208
17 128
18 151
19 30
20 201

orderrules
1 5 au000 avant au004
2 6 au001 avant au005
3 7 au002 avant au006
4 8 au003 avant au007
5 9 au004 avant au008
6 10 au005 avant au009
7 10 au006 avant au009
8 10 au007 avant au009
9 11 au008 avant au010
10 12 au009 avant au011
10 13 au009 avant au012
10 14 au009 avant au013
10 15 au009 avant au014
11 15 au010 avant au014
14 16 au013 avant au015
15 17 au014 avant au016
15 19 au014 avant au018
15 20 au014 avant au019
16 18 au015 avant au017
