# Components (V)
1 2 3 4 5 6 7 8 9 10 11 12 13 14 15 16 17 18 19 20

# Precedence arcs (E)
1 3
1 5
2 4
2 5
3 6
4 7
5 8
5 9
5 10
5 11
6 12
7 13
8 12
8 18
9 16
10 13
11 13
13 14
13 15
13 16
14 17
14 18
14 19
14 20
15 18

# Target components (T)
16

# Revenues (r)
1 26
2 26
3 20
4 30
5 30
6 21
7 24
8 24
9 24
10 28
11 21
12 26
13 22
14 29
15 20
16 29
17 30
18 20
19 24
20 28

# Costs (c)
1 10
2 10
3 4
4 5
5 1
6 9
7 1
8 1
9 2
10 4
11 6
12 2
13 10
14 10
15 5
16 5
17 3
18 2
19 5
20 6

# Durations (p)
1 76
2 142
3 155
4 86
5 290
6 70
7 70
8 122
9 135
10 132
11 35
12 45
13 86
14 206
15 303
16 171
17 120
18 245
19 173
20 323

orderrules
1 3 au000 avant au002
1 5 au000 avant au004
2 4 au001 avant au003
2 5 au001 avant au004
3 6 au002 avant au005
4 7 au003 avant au006
5 8 au004 avant au007
5 9 au004 avant au008
5 10 au004 avant au009
5 11 au004 avant au010
6 12 au005 avant au011
7 13 au006 avant au012
8 12 au007 avant au011
8 18 au007 avant au017
9 16 au008 avant au015
10 13 au009 avant au012
11 13 au010 avant au012
13 14 au012 avant au013
13 15 au012 avant au014
13 16 au012 avant au015
14 17 au013 avant au016
14 18 au013 avant au017
14 19 au013 avant au018
14 20 au013 avant au019
15 18 au014 avant au017
