# Components (V)
1 2 3 4 5 6 7 8 9 10 11 12 13 14 15 16 17 18 19 20

# Precedence arcs (E)
1 10
2 10
3 10
4 5
5 6
5 7
5 8
5 9
6 10
7 10
8 10
9 11
9 12
9 18
10 13
10 14
10 15
10 16
10 17
14 19
15 20
16 18

# Target components (T)
17 13 19

# Revenues (r)
1 27
2 21
3 20
4 22
5 22
6 27
7 27
8 27
9 21
10 22
11 23
12 30
13 29
14 20
15 25
16 30
17 28
18 26
19 24
20 23

# Costs (c)
1 8
2 10
3 6
4 6
5 3
6 2
7 8
8 7
9 4
10 2
11 10
12 5
13 8
14 10
15 8
16 2
17 3
18 2
19 9
20 5

# Durations (p)
1 206
2 221
3 195
4 218
5 56
6 212
7 30
8 234
9 269
10 87
11 113
12 46
13 86
14 218
15 77
16 78
17 51
18 128
19 142
20 247

orderrules
1 10 au000 avant au009
2 10 au001 avant au009
3 10 au002 avant au009
4 5 au003 avant au004
5 6 au004 avant au005
5 7 au004 avant au006
5 8 au004 avant au007
5 9 au004 avant au008
6 10 au005 avant au009
7 10 au006 avant au009
8 10 au007 avant au009
9 11 au008 avant au010
9 12 au008 avant au011
9 18 au008 avant au017
10 13 au009 avant au012
10 14 au009 avant au013
10 15 au009 avant au014
10 16 au009 avant au015
10 17 au009 avant au016
14 19 au013 avant au018
15 20 au014 avant au019
16 18 au015 avant au017
