# Components (V)
1 2 3 4 5 6 7 8 9 10 11 12 13 14 15 16 17 18 19 20

# Precedence arcs (E)
1 4
1 5
2 3
2 4
3 14
4 7
4 8
5 6
5 9
6 14
7 14
8 10
8 12
8 13
9 11
10 14
12 14
13 15
14 16
14 17
14 18
14 19
14 20

# Target components (T)
19 20 16

# Revenues (r)
1 26
2 27
3 20
4 25
5 25
6 30
7 23
8 21
9 30
10 27
11 26
12 24
13 25
14 22
15 25
16 30
17 29
18 28
19 30
20 29

# Costs (c)
1 1
2 3
3 2
4 3
5 5
6 7
7 1
8 2
9 1
10 10
11 8
12 5
13 7
14 2
15 5
16 7
17 10
18 1
19 8
20 2

# Durations (p)
1 157
2 157
3 127
4 138
5 130
6 31
7 68
8 186
9 45
10 182
11 191
12 173
13 85
14 115
15 114
16 56
17 172
18 256
19 214
20 220

orderrules
1 4 au000 avant au003
1 5 au000 avant au004
2 3 au001 avant au002
2 4 au001 avant au003
3 14 au002 avant au013
4 7 au003 avant au006
4 8 au003 avant au007
5 6 au004 avant au005
5 9 au004 avant au008
6 14 au005 avant au013
7 14 au006 avant au013
8 10 au007 avant au009
8 12 au007 avant au011
8 13 au007 avant au012
9 11 au008 avant au010
10 14 au009 avant au013
12 14 au011 avant au013
13 15 au012 avant au014
14 16 au013 avant au015
14 17 au013 avant au016
14 18 au013 avant au017
14 19 au013 avant au018
14 20 au013 avant au019
