# Components (V)
1 2 3 4 5 6 7 8 9 10 11 12 13 14 15 16 17 18 19 20 21 22 23 24 25 26 27 28 29 30 31 32 33 34 35 36 37 38 39 40 41 42 43 44 45 46 47 48 49 50 51 52 53 54 55 56 57 58 59 60 61 62 63 64 65 66 67 68 69 70 71 72 73 74 75 76 77 78 79 80 81 82 83 84 85 86 87 88 89 90 91 92 93 94 95 96 97 98 99 100 101 102 103 104 105 106 107 108 109 110 111 112 113 114 115 116 117 118 119 120 121 122 123 124 125 126 127 128 129 130 131 132 133 134 135 136 137 138 139 140 141 142 143 144 145 146 147 148 149 150 151 152 153 154 155 156 157 158 159 160 161 162 163 164 165 166 167 168 169 170 171 172 173 174 175 176 177 178 179 180 181 182 183 184 185 186 187 188 189 190 191 192 193 194 195 196 197 198 199 200 201 202 203 204 205 206 207 208 209 210 211 212 213 214 215 216 217 218 219 220 221 222 223 224 225 226 227 228 229 230 231 232 233 234 235 236 237 238 239 240 241 242 243 244 245 246 247 248 249 250 251 252 253 254 255 256 257 258 259 260 261 262 263 264 265 266 267 268 269 270 271 272 273 274 275 276 277 278 279 280 281 282 283 284 285 286 287 288 289 290 291 292 293 294 295 296 297 298 299 300 301 302 303 304 305 306 307 308 309 310 311 312 313 314 315 316 317 318 319 320 321 322 323 324 325 326 327 328 329 330 331 332 333 334 335 336 337 338 339 340 341 342 343 344 345 346 347 348 349 350 351 352 353 354 355 356 357 358 359 360 361 362 363 364 365 366 367 368 369 370 371 372 373 374 375 376 377 378 379 380 381 382 383 384 385 386 387 388 389 390 391 392 393 394 395 396 397 398 399 400 401 402 403 404 405 406 407 408 409 410 411 412 413 414 415 416 417 418 419 420 421 422 423 424 425 426 427 428 429 430 431 432 433 434 435 436 437 438 439 440 441 442 443 444 445 446 447 448 449 450 451 452 453 454 455 456 457 458 459 460 461 462 463 464 465 466 467 468 469 470 471 472 473 474 475 476 477 478 479 480 481 482 483 484 485 486 487 488 489 490 491 492 493 494 495 496 497 498 499 500 501 502 503 504 505 506 507 508 509 510 511 512 513 514 515 516 517 518 519 520 521 522 523 524 525 526 527 528 529 530 531 532 533 534 535 536 537 538 539 540 541 542 543 544 545 546 547 548 549 550 551 552 553 554 555 556 557 558 559 560 561 562 563 564 565 566 567 568 569 570 571 572 573 574 575 576 577 578 579 580 581 582 583 584 585 586 587 588 589 590 591 592 593 594 595 596 597 598 599 600 601 602 603 604 605 606 607 608 609 610 611 612 613 614 615 616 617 618 619 620 621 622 623 624 625 626 627 628 629 630 631 632 633 634 635 636 637 638 639 640 641 642 643 644 645 646 647 648 649 650 651 652 653 654 655 656 657 658 659 660 661 662 663 664 665 666 667 668 669 670 671 672 673 674 675 676 677 678 679 680 681 682 683 684 685 686 687 688 689 690 691 692 693 694 695 696 697 698 699 700 701 702 703 704 705 706 707 708 709 710 711 712 713 714 715 716 717 718 719 720 721 722 723 724 725 726 727 728 729 730 731 732 733 734 735 736 737 738 739 740 741 742 743 744 745 746 747 748 749 750 751 752 753 754 755 756 757 758 759 760 761 762 763 764 765 766 767 768 769 770 771 772 773 774 775 776 777 778 779 780 781 782 783 784 785 786 787 788 789 790 791 792 793 794 795 796 797 798 799 800 801 802 803 804 805 806 807 808 809 810 811 812 813 814 815 816 817 818 819 820 821 822 823 824 825 826 827 828 829 830 831 832 833 834 835 836 837 838 839 840 841 842 843 844 845 846 847 848 849 850 851 852 853 854 855 856 857 858 859 860 861 862 863 864 865 866 867 868 869 870 871 872 873 874 875 876 877 878 879 880 881 882 883 884 885 886 887 888 889 890 891 892 893 894 895 896 897 898 899 900 901 902 903 904 905 906 907 908 909 910 911 912 913 914 915 916 917 918 919 920 921 922 923 924 925 926 927 928 929 930 931 932 933 934 935 936 937 938 939 940 941 942 943 944 945 946 947 948 949 950 951 952 953 954 955 956 957 958 959 960 961 962 963 964 965 966 967 968 969 970 971 972 973 974 975 976 977 978 979 980 981 982 983 984 985 986 987 988 989 990 991 992 993 994 995 996 997 998 999 1000

# Precedence arcs (E)
1 488
2 884
3 166
4 660
5 91
6 188
7 940
8 92
9 173
10 174
11 126
12 772
13 241
14 553
15 17
15 19
15 22
15 24
15 29
15 30
15 32
16 18
16 20
16 21
16 23
16 25
16 26
16 27
16 28
16 31
16 33
17 695
18 660
19 91
20 91
21 188
22 188
23 92
24 92
25 92
26 413
27 413
28 278
29 174
30 459
31 35
31 36
31 39
31 40
31 41
31 43
31 44
31 46
31 47
31 48
32 37
32 38
32 42
32 45
32 49
32 76
33 34
33 345
34 730
35 591
36 657
37 884
38 903
39 166
40 91
41 188
42 188
43 173
44 173
45 126
46 241
47 760
48 50
48 51
48 53
48 55
48 56
48 57
48 59
48 60
48 64
48 65
48 66
48 67
48 68
49 52
49 54
49 58
49 61
49 62
49 63
49 78
50 488
51 695
52 91
53 91
54 188
55 521
56 92
57 92
58 92
59 957
60 126
61 402
62 459
63 405
64 405
65 241
66 792
67 73
67 74
67 75
67 76
67 78
67 80
67 81
67 85
67 86
68 69
68 70
68 71
68 72
68 77
68 79
68 81
68 82
68 83
68 84
68 154
69 234
70 903
71 614
72 91
73 91
74 188
75 92
76 413
77 349
78 843
79 126
80 405
81 405
82 241
83 734
84 87
84 88
84 93
84 102
84 103
85 89
85 90
85 95
85 96
85 97
85 99
85 161
86 94
86 98
86 100
86 101
87 234
88 234
89 313
90 520
91 105
91 106
91 108
91 110
91 111
91 112
91 113
91 114
91 128
91 145
91 270
92 104
92 107
92 115
92 116
92 117
92 118
92 119
92 120
92 121
92 122
92 123
92 124
92 125
92 127
92 129
93 413
94 173
95 174
96 843
97 843
98 305
99 515
100 126
101 402
102 734
103 109
104 234
105 797
106 488
107 756
108 166
109 549
110 521
111 130
112 130
112 134
112 135
112 189
112 299
112 354
113 130
113 149
114 130
114 131
114 133
114 211
114 226
115 270
116 130
116 354
117 590
118 131
118 135
119 144
120 143
121 234
121 311
122 130
122 131
122 145
122 269
122 352
122 353
122 354
123 232
123 272
123 358
124 132
124 278
125 130
125 135
125 265
125 303
126 130
126 131
126 136
126 137
126 138
126 139
126 140
126 141
126 142
127 149
127 221
127 300
127 310
127 311
128 130
128 131
128 132
128 133
129 343
129 391
130 313
131 313
132 166
133 166
134 520
135 438
136 459
137 146
137 181
138 147
138 580
138 609
139 149
139 370
139 517
140 552
141 353
142 148
142 150
142 172
143 405
144 151
144 152
145 280
145 391
146 234
147 614
148 926
149 349
150 278
151 553
152 153
152 154
152 155
152 156
152 157
152 158
152 159
152 160
152 161
152 162
152 163
152 164
153 730
154 166
155 166
156 173
157 174
158 843
159 459
160 578
161 165
161 166
161 168
161 170
161 175
161 178
162 165
162 166
162 167
162 176
162 309
162 310
163 172
163 179
163 180
164 169
164 171
164 177
164 179
164 261
164 400
165 884
166 181
166 183
166 184
166 185
166 186
166 187
167 549
168 188
169 521
170 940
171 349
172 278
173 190
173 191
173 192
173 193
173 194
173 195
173 196
173 205
173 206
173 207
174 197
174 198
174 199
174 200
174 201
174 202
174 203
174 204
175 843
176 241
177 241
178 189
178 270
179 844
180 182
180 189
180 396
180 431
181 756
182 591
183 521
184 413
185 209
185 236
185 298
185 345
186 208
186 218
186 311
187 208
187 209
187 311
188 212
188 213
188 214
188 215
188 219
189 413
190 278
192 217
192 431
193 312
193 346
193 432
193 558
193 632
194 687
195 218
196 306
196 502
196 723
197 208
197 216
198 210
198 316
198 359
199 208
199 209
199 299
200 354
200 439
201 229
201 235
201 286
201 311
201 354
202 290
202 530
203 265
204 295
205 459
206 389
207 208
207 209
207 210
207 211
207 232
208 234
209 695
210 695
211 313
212 977
213 413
214 221
214 226
214 231
215 223
215 227
215 233
215 277
216 405
217 241
218 220
218 224
218 225
218 229
218 230
218 232
219 220
219 222
219 228
220 234
221 234
222 657
223 313
224 620
225 620
226 549
227 463
228 305
229 241
230 241
231 553
232 237
232 240
232 243
232 403
232 502
233 235
233 236
233 238
233 239
233 242
233 244
233 245
233 246
233 247
233 248
234 249
234 250
234 251
234 252
234 253
234 254
235 313
236 660
237 940
238 977
239 413
240 459
241 256
241 257
241 258
241 259
241 260
242 553
243 255
243 263
243 493
244 255
244 275
244 389
244 477
245 255
245 261
245 262
245 263
245 264
246 255
246 265
248 262
248 317
248 377
249 614
250 413
251 266
251 359
251 488
251 515
251 522
252 341
252 763
252 797
252 806
253 273
253 356
253 380
254 266
254 274
254 316
255 940
256 275
256 283
256 522
257 266
257 267
257 268
257 272
257 312
257 611
257 632
257 666
258 580
258 617
258 694
259 479
259 589
260 266
260 745
261 553
262 271
262 499
262 685
263 558
263 699
264 269
264 518
264 648
264 679
265 270
266 695
267 695
268 657
269 926
270 278
271 843
272 772
273 459
274 277
274 279
274 281
274 283
274 286
275 276
275 280
275 282
275 284
275 285
275 392
276 797
277 413
278 291
278 292
278 293
278 294
278 295
278 297
279 305
280 515
281 515
282 553
283 553
284 760
285 287
285 289
285 701
286 288
286 290
286 296
287 730
288 657
289 957
290 413
291 305
292 772
293 578
294 300
294 301
294 310
294 311
294 317
294 390
295 298
295 299
295 300
295 302
295 304
295 306
295 307
295 308
295 353
296 303
296 343
296 461
297 308
297 309
298 313
299 313
300 520
301 463
302 438
303 438
304 438
305 312
305 313
305 314
305 315
305 317
305 318
305 319
305 320
305 321
305 322
305 323
305 324
305 325
305 326
305 327
305 328
305 329
305 330
305 331
306 772
307 553
308 313
308 350
309 619
309 791
310 316
310 347
311 383
312 730
313 332
313 333
313 334
313 335
313 336
313 337
313 338
313 339
313 340
314 614
315 520
316 413
317 438
318 772
319 343
319 385
319 411
320 341
320 665
320 805
320 832
321 791
321 849
322 345
322 462
322 589
322 679
323 344
323 355
324 341
324 342
324 492
325 901
326 650
327 341
327 404
328 341
328 460
329 344
329 374
329 690
330 553
331 341
331 701
331 788
332 349
333 349
334 405
335 734
336 357
336 745
336 790
337 346
337 347
337 348
337 356
337 358
338 346
338 355
339 346
339 475
339 478
340 348
340 351
340 390
340 464
341 843
342 352
342 354
342 377
342 530
343 353
344 646
344 737
345 350
345 759
346 730
347 940
348 413
349 361
349 362
349 364
349 365
349 366
349 367
349 368
349 369
350 843
351 515
352 792
353 578
354 896
355 360
355 371
356 359
356 370
356 372
358 363
359 695
360 657
361 660
362 549
363 413
364 413
365 459
366 379
367 377
367 382
367 383
368 373
368 380
369 520
369 590
370 578
371 373
371 375
371 376
371 384
372 374
372 378
372 379
372 381
373 730
374 695
375 695
376 521
377 521
378 696
379 413
380 463
381 438
382 459
383 459
384 385
384 386
384 387
384 388
384 389
384 390
384 391
384 392
385 488
386 402
387 402
388 405
389 395
389 396
389 397
390 393
390 399
390 400
391 398
391 403
391 404
391 406
391 408
391 409
392 394
392 401
392 407
392 440
393 657
394 926
395 940
396 696
397 413
398 413
399 438
400 515
401 772
402 412
402 415
402 416
402 417
402 418
402 419
402 420
402 421
403 459
404 459
405 411
405 422
405 423
405 424
405 425
405 426
405 427
405 428
405 429
406 553
407 684
408 410
409 410
409 414
409 430
410 591
411 860
412 521
413 434
413 435
413 436
413 437
414 438
415 459
416 578
417 431
418 432
418 546
419 431
419 633
419 650
419 679
420 431
420 432
421 442
422 431
422 433
423 686
423 688
423 738
424 431
424 441
425 440
426 432
426 554
426 632
427 489
428 652
429 439
430 518
430 555
430 607
430 609
430 632
431 657
432 940
433 696
434 463
435 459
436 443
436 444
436 590
437 444
437 447
437 461
438 448
438 449
438 450
438 451
438 452
438 453
438 454
438 455
438 456
438 457
438 458
439 459
440 459
441 460
442 445
442 446
443 695
444 520
445 549
446 521
447 463
448 843
449 734
450 462
450 522
450 578
451 477
451 498
452 745
453 620
453 679
454 476
454 679
455 462
455 463
456 462
456 475
457 487
458 616
458 683
458 822
459 465
459 466
459 467
459 468
459 469
459 470
459 471
459 472
459 473
459 474
459 515
460 464
460 476
461 462
461 610
462 620
463 478
463 479
463 480
463 481
463 482
463 483
464 515
465 614
466 596
466 753
466 798
467 478
467 479
467 487
468 478
469 485
469 518
469 616
470 589
470 631
470 721
471 871
472 756
473 479
474 478
475 484
475 486
476 613
476 658
477 478
477 546
477 547
478 488
479 549
480 553
481 488
481 489
481 492
482 488
482 497
482 547
483 631
484 896
485 896
486 490
486 491
486 493
486 494
486 495
486 496
486 500
487 498
487 499
487 582
487 615
488 503
488 504
488 505
488 506
488 507
488 508
488 509
488 510
488 511
488 512
488 513
489 657
490 521
491 843
492 515
493 515
494 553
495 553
496 516
497 502
498 616
499 501
499 593
500 501
500 514
500 517
501 797
502 730
503 520
504 521
505 734
506 518
506 578
507 657
508 518
508 579
509 594
509 616
510 835
510 856
511 578
511 595
512 960
513 548
513 595
514 614
515 518
515 523
515 524
515 525
515 526
515 527
515 528
515 529
516 578
517 519
517 522
517 530
518 620
519 620
520 531
520 532
520 533
520 534
520 535
520 536
520 537
520 538
520 553
521 539
521 540
521 541
521 542
521 543
521 544
521 545
522 843
524 593
524 616
525 545
525 546
525 548
526 556
526 590
526 722
527 722
528 545
528 561
528 562
528 579
530 547
531 549
532 792
533 549
533 550
534 549
534 556
535 549
536 551
536 554
536 555
536 558
536 561
536 591
537 552
537 562
537 829
538 665
539 943
540 550
540 791
542 559
544 560
544 657
545 696
546 553
547 553
548 549
548 557
549 563
549 564
549 565
549 566
549 567
549 568
549 569
549 570
549 594
549 665
550 940
551 843
552 843
553 571
553 572
553 573
553 574
553 575
553 576
553 577
553 578
554 578
555 760
556 896
557 578
557 579
557 580
557 588
559 684
560 969
561 657
563 974
564 580
564 591
564 616
565 792
566 886
567 793
568 679
569 924
570 580
570 659
570 791
571 588
571 659
572 791
573 664
574 589
574 597
574 653
575 592
575 722
576 580
576 610
576 688
576 753
576 761
577 580
577 697
577 733
577 791
578 582
578 583
578 584
578 585
578 586
578 587
579 581
579 590
580 730
581 591
582 884
583 696
584 593
585 594
585 597
586 691
586 731
586 736
586 820
588 617
588 618
589 595
589 845
590 592
590 596
590 656
591 598
591 599
591 600
591 601
591 602
591 603
591 604
591 605
591 606
591 608
591 609
592 903
593 607
593 610
594 805
595 787
596 757
596 882
597 611
597 620
598 695
599 760
600 613
601 686
601 842
602 612
602 618
603 740
604 859
605 653
606 615
607 614
608 687
609 798
610 872
611 612
611 616
611 617
612 695
613 620
614 621
614 622
614 623
614 624
614 625
614 626
614 627
614 628
614 629
614 630
614 631
614 633
615 792
616 658
617 619
618 632
619 730
620 634
620 635
620 636
620 637
620 638
620 639
620 640
620 641
621 843
622 646
622 738
624 642
624 645
626 643
626 689
626 739
627 647
627 924
628 832
629 872
631 861
631 925
632 687
633 642
633 644
634 843
635 649
636 651
636 771
637 650
639 684
640 655
640 899
640 969
641 652
641 834
642 657
642 701
643 722
644 648
644 651
645 653
645 654
647 830
648 756
649 657
650 660
651 662
651 739
651 754
652 659
652 685
653 658
653 663
654 656
654 664
654 665
654 757
655 661
655 902
655 967
656 756
657 667
657 668
657 669
657 670
657 671
657 672
657 680
658 860
659 860
660 673
660 674
660 675
660 676
660 677
661 896
663 666
663 678
664 679
665 957
666 695
667 896
668 684
669 771
671 683
671 772
672 686
672 859
673 681
674 682
674 732
674 857
675 754
677 685
678 725
678 737
679 686
679 691
679 725
679 754
680 681
680 729
680 833
681 977
682 855
683 734
684 687
684 688
684 689
684 692
685 690
685 691
685 729
686 693
686 694
687 695
688 696
689 734
690 896
691 697
691 701
692 756
692 757
693 698
693 699
694 700
695 702
695 703
695 704
695 705
695 706
695 707
695 708
695 709
695 710
695 721
696 711
696 712
696 713
696 714
696 715
696 716
696 717
696 718
696 719
697 792
698 720
698 737
699 720
701 833
702 727
702 791
703 787
704 967
705 796
706 760
707 845
708 724
708 726
709 728
710 725
711 941
712 790
712 813
713 805
713 941
714 729
714 760
716 722
716 723
716 728
718 900
719 729
721 736
721 763
722 797
723 730
724 730
725 734
726 735
726 736
726 738
726 825
727 730
727 731
727 732
727 740
728 733
728 739
728 759
729 732
729 737
729 798
730 741
730 742
730 743
730 744
730 752
731 860
732 940
733 855
734 746
734 747
734 748
734 749
734 750
734 753
735 896
736 829
737 745
737 751
738 751
738 779
739 755
740 754
741 760
742 757
742 759
743 970
744 870
745 756
746 761
746 846
747 756
748 758
750 815
750 817
753 762
753 763
753 826
754 760
754 830
755 882
756 764
756 765
756 766
756 767
756 768
756 769
756 770
756 779
756 840
757 940
758 957
759 772
760 773
760 774
760 775
760 776
760 777
760 778
760 839
761 834
761 924
761 925
762 958
763 771
764 782
765 781
767 931
767 1000
769 832
771 884
772 783
772 784
772 785
772 786
773 888
774 895
775 942
776 789
776 836
777 787
779 780
779 788
780 903
781 843
782 843
783 790
784 795
784 837
785 793
785 794
785 796
786 967
787 792
788 791
790 797
791 843
792 800
792 801
792 802
792 803
792 804
793 969
794 798
794 805
796 799
796 806
796 867
797 807
797 808
797 809
797 810
797 811
797 812
798 903
799 940
800 816
801 814
802 817
803 998
804 815
805 813
806 824
806 883
809 818
809 822
809 828
810 821
810 837
811 820
812 818
813 896
814 826
816 819
816 824
817 837
818 825
818 826
818 829
819 823
820 828
820 830
821 824
821 883
822 827
823 843
825 832
825 834
827 831
828 837
828 847
829 833
829 872
829 886
831 940
832 836
832 841
833 835
833 837
833 838
833 839
833 840
834 842
835 940
836 843
837 844
837 846
838 957
839 882
841 845
841 882
841 924
842 870
843 847
843 848
843 850
843 851
843 852
843 853
843 854
843 857
843 858
844 855
845 855
846 849
846 856
846 859
847 860
848 903
849 940
850 973
851 861
851 867
853 970
854 872
855 862
855 863
855 864
855 865
855 866
855 897
857 868
857 869
857 870
858 871
859 887
860 873
860 874
860 875
860 876
860 877
860 878
860 879
860 880
860 881
861 903
864 895
865 883
870 882
873 884
874 885
874 888
874 972
878 887
879 886
882 884
884 889
884 890
884 891
884 892
884 893
884 894
884 895
884 897
884 898
884 899
884 901
885 896
886 896
887 900
887 902
887 957
890 914
892 913
895 903
896 904
896 905
896 906
896 907
896 908
896 909
896 910
896 911
896 912
898 913
899 941
903 915
903 916
903 917
903 918
903 919
903 920
903 921
903 922
903 923
904 924
906 928
908 960
911 960
912 925
915 926
916 928
917 931
918 927
918 929
919 930
921 932
923 930
924 931
924 999
926 933
926 934
926 935
926 936
926 937
926 938
926 939
927 940
928 957
929 944
929 945
930 941
930 943
931 942
931 968
935 959
938 975
939 999
940 946
940 947
940 948
940 949
940 950
940 951
940 952
940 953
940 954
940 955
940 956
941 957
943 960
943 974
945 958
947 971
949 976
953 969
955 970
956 968
956 998
957 961
957 962
957 963
957 964
957 965
957 966
958 967
963 973
963 975
967 975
970 972
970 974
970 976
972 977
973 978
976 979
977 980
977 981
977 982
977 983
977 984
977 985
977 986
977 987
977 988
977 989
977 990
977 991
977 992
977 993
977 994
977 995
977 996
977 997
977 1000
978 998
979 999

# Target components (T)
247 830 998

# Revenues (r)
1 21
2 23
3 22
4 29
5 26
6 23
7 23
8 20
9 25
10 23
11 26
12 25
13 28
14 24
15 22
16 22
17 24
18 20
19 25
20 24
21 24
22 27
23 30
24 20
25 25
26 23
27 28
28 25
29 29
30 30
31 29
32 20
33 21
34 20
35 27
36 20
37 28
38 22
39 23
40 28
41 22
42 24
43 21
44 30
45 29
46 28
47 22
48 28
49 25
50 24
51 23
52 26
53 23
54 30
55 28
56 24
57 26
58 28
59 27
60 23
61 28
62 29
63 22
64 29
65 26
66 28
67 21
68 22
69 20
70 26
71 20
72 27
73 27
74 26
75 21
76 26
77 20
78 25
79 24
80 25
81 23
82 28
83 24
84 27
85 28
86 25
87 24
88 24
89 28
90 25
91 21
92 25
93 22
94 25
95 22
96 23
97 25
98 27
99 28
100 23
101 23
102 28
103 26
104 30
105 22
106 26
107 27
108 22
109 27
110 20
111 25
112 26
113 23
114 20
115 29
116 27
117 24
118 23
119 26
120 26
121 23
122 24
123 22
124 30
125 29
126 27
127 30
128 28
129 21
130 23
131 27
132 29
133 23
134 24
135 29
136 23
137 30
138 22
139 26
140 28
141 28
142 29
143 21
144 21
145 24
146 29
147 28
148 29
149 26
150 20
151 29
152 25
153 27
154 29
155 23
156 29
157 27
158 23
159 30
160 29
161 27
162 26
163 29
164 24
165 23
166 30
167 25
168 24
169 30
170 21
171 29
172 28
173 29
174 24
175 28
176 22
177 20
178 22
179 27
180 22
181 27
182 29
183 24
184 29
185 28
186 24
187 28
188 28
189 22
190 29
191 30
192 27
193 26
194 29
195 20
196 20
197 28
198 29
199 24
200 23
201 25
202 26
203 21
204 28
205 23
206 30
207 24
208 27
209 28
210 24
211 25
212 21
213 28
214 29
215 23
216 23
217 20
218 24
219 28
220 23
221 26
222 23
223 27
224 28
225 30
226 21
227 30
228 23
229 26
230 21
231 23
232 28
233 27
234 29
235 29
236 20
237 26
238 23
239 30
240 28
241 27
242 30
243 25
244 20
245 27
246 23
247 24
248 28
249 26
250 20
251 20
252 30
253 29
254 23
255 23
256 22
257 22
258 26
259 28
260 27
261 20
262 25
263 25
264 30
265 24
266 27
267 21
268 23
269 24
270 20
271 24
272 26
273 21
274 23
275 30
276 30
277 21
278 26
279 20
280 21
281 26
282 20
283 27
284 30
285 26
286 21
287 28
288 29
289 25
290 20
291 24
292 25
293 24
294 24
295 20
296 21
297 25
298 22
299 28
300 22
301 28
302 22
303 21
304 24
305 27
306 29
307 25
308 27
309 20
310 30
311 23
312 24
313 30
314 27
315 28
316 26
317 28
318 30
319 25
320 29
321 26
322 30
323 29
324 23
325 22
326 22
327 20
328 29
329 28
330 25
331 28
332 25
333 24
334 24
335 24
336 20
337 24
338 30
339 25
340 25
341 25
342 20
343 27
344 27
345 20
346 21
347 26
348 23
349 28
350 24
351 27
352 24
353 20
354 29
355 26
356 20
357 21
358 22
359 24
360 25
361 28
362 22
363 24
364 23
365 24
366 30
367 20
368 25
369 29
370 27
371 22
372 20
373 23
374 21
375 22
376 21
377 20
378 23
379 20
380 20
381 27
382 28
383 28
384 26
385 21
386 23
387 30
388 25
389 30
390 21
391 28
392 24
393 21
394 23
395 29
396 30
397 23
398 22
399 20
400 25
401 25
402 21
403 24
404 28
405 29
406 24
407 24
408 23
409 24
410 23
411 20
412 27
413 20
414 30
415 29
416 27
417 25
418 20
419 28
420 24
421 27
422 20
423 20
424 23
425 27
426 22
427 23
428 22
429 20
430 22
431 30
432 20
433 20
434 29
435 30
436 20
437 24
438 21
439 29
440 27
441 22
442 28
443 30
444 27
445 22
446 25
447 26
448 25
449 23
450 24
451 27
452 24
453 25
454 30
455 23
456 21
457 29
458 27
459 21
460 27
461 24
462 25
463 29
464 22
465 25
466 27
467 26
468 26
469 26
470 27
471 28
472 25
473 23
474 29
475 24
476 28
477 27
478 20
479 24
480 24
481 26
482 22
483 26
484 21
485 28
486 29
487 29
488 26
489 30
490 27
491 22
492 25
493 24
494 22
495 28
496 21
497 21
498 25
499 23
500 21
501 24
502 28
503 22
504 29
505 21
506 25
507 20
508 30
509 29
510 30
511 22
512 25
513 29
514 29
515 22
516 23
517 30
518 23
519 27
520 24
521 27
522 24
523 25
524 20
525 27
526 23
527 28
528 25
529 28
530 22
531 27
532 26
533 21
534 30
535 22
536 24
537 26
538 30
539 25
540 24
541 28
542 21
543 24
544 29
545 27
546 26
547 29
548 29
549 24
550 27
551 22
552 26
553 25
554 25
555 22
556 23
557 24
558 23
559 21
560 20
561 28
562 23
563 26
564 20
565 22
566 29
567 28
568 20
569 28
570 27
571 22
572 23
573 21
574 28
575 21
576 21
577 28
578 22
579 27
580 27
581 29
582 22
583 29
584 23
585 24
586 24
587 30
588 25
589 24
590 25
591 29
592 25
593 27
594 20
595 21
596 27
597 25
598 21
599 20
600 26
601 24
602 22
603 27
604 20
605 25
606 24
607 20
608 23
609 21
610 27
611 30
612 27
613 21
614 27
615 20
616 22
617 22
618 26
619 27
620 24
621 30
622 30
623 22
624 24
625 23
626 30
627 27
628 22
629 22
630 21
631 28
632 28
633 25
634 21
635 21
636 28
637 23
638 30
639 28
640 22
641 22
642 25
643 21
644 27
645 21
646 24
647 24
648 21
649 29
650 30
651 22
652 23
653 29
654 21
655 20
656 21
657 22
658 22
659 24
660 29
661 23
662 22
663 30
664 22
665 24
666 28
667 29
668 22
669 23
670 25
671 20
672 30
673 22
674 22
675 23
676 27
677 26
678 28
679 25
680 24
681 26
682 26
683 29
684 26
685 22
686 28
687 29
688 30
689 25
690 24
691 28
692 25
693 26
694 24
695 20
696 28
697 27
698 21
699 28
700 21
701 21
702 20
703 22
704 22
705 26
706 22
707 29
708 30
709 22
710 26
711 28
712 29
713 30
714 21
715 24
716 29
717 23
718 24
719 24
720 26
721 21
722 30
723 22
724 21
725 23
726 30
727 26
728 24
729 30
730 23
731 21
732 26
733 27
734 22
735 24
736 29
737 20
738 29
739 22
740 30
741 23
742 24
743 22
744 23
745 26
746 26
747 29
748 23
749 28
750 23
751 28
752 29
753 24
754 20
755 25
756 29
757 25
758 24
759 28
760 24
761 29
762 27
763 20
764 27
765 29
766 27
767 22
768 25
769 29
770 27
771 25
772 29
773 20
774 21
775 21
776 28
777 24
778 28
779 25
780 29
781 27
782 25
783 23
784 28
785 29
786 28
787 26
788 25
789 20
790 25
791 23
792 29
793 20
794 22
795 25
796 23
797 23
798 20
799 21
800 27
801 29
802 24
803 22
804 21
805 22
806 30
807 27
808 27
809 25
810 20
811 27
812 29
813 28
814 27
815 29
816 27
817 27
818 23
819 26
820 20
821 30
822 28
823 29
824 26
825 25
826 22
827 23
828 25
829 25
830 23
831 22
832 26
833 22
834 30
835 27
836 30
837 30
838 27
839 25
840 23
841 21
842 27
843 22
844 29
845 23
846 24
847 25
848 26
849 26
850 29
851 27
852 20
853 27
854 24
855 25
856 23
857 21
858 20
859 29
860 26
861 20
862 26
863 22
864 26
865 30
866 22
867 21
868 29
869 24
870 29
871 24
872 27
873 22
874 26
875 20
876 30
877 29
878 30
879 24
880 25
881 23
882 30
883 26
884 25
885 29
886 27
887 23
888 24
889 30
890 21
891 24
892 21
893 30
894 21
895 29
896 26
897 21
898 21
899 22
900 24
901 28
902 29
903 27
904 30
905 24
906 29
907 28
908 20
909 22
910 26
911 23
912 21
913 29
914 28
915 27
916 24
917 23
918 25
919 27
920 29
921 25
922 23
923 21
924 25
925 21
926 27
927 27
928 22
929 28
930 30
931 22
932 27
933 21
934 21
935 27
936 20
937 20
938 25
939 30
940 21
941 28
942 26
943 28
944 26
945 23
946 29
947 30
948 20
949 28
950 22
951 27
952 28
953 28
954 28
955 26
956 27
957 22
958 22
959 22
960 30
961 30
962 25
963 24
964 26
965 20
966 20
967 20
968 26
969 24
970 30
971 20
972 21
973 20
974 29
975 23
976 28
977 26
978 24
979 26
980 20
981 21
982 29
983 24
984 29
985 29
986 30
987 28
988 30
989 20
990 20
991 25
992 28
993 23
994 30
995 23
996 20
997 28
998 25
999 29
1000 29

# Costs (c)
1 10
2 6
3 3
4 5
5 9
6 10
7 1
8 5
9 5
10 1
11 5
12 10
13 2
14 10
15 2
16 8
17 8
18 10
19 6
20 9
21 10
22 1
23 5
24 5
25 4
26 7
27 4
28 4
29 9
30 10
31 1
32 1
33 1
34 2
35 6
36 4
37 10
38 1
39 8
40 10
41 5
42 3
43 1
44 10
45 10
46 10
47 2
48 10
49 1
50 7
51 6
52 9
53 4
54 10
55 3
56 10
57 1
58 7
59 1
60 3
61 8
62 7
63 8
64 5
65 1
66 9
67 1
68 5
69 6
70 5
71 8
72 9
73 6
74 9
75 7
76 7
77 2
78 5
79 3
80 4
81 5
82 4
83 5
84 7
85 6
86 4
87 8
88 4
89 10
90 2
91 2
92 3
93 8
94 4
95 6
96 4
97 3
98 2
99 4
100 9
101 1
102 8
103 8
104 9
105 3
106 8
107 5
108 10
109 3
110 4
111 7
112 8
113 8
114 9
115 4
116 7
117 6
118 4
119 6
120 7
121 1
122 2
123 5
124 9
125 1
126 3
127 9
128 10
129 2
130 4
131 1
132 10
133 3
134 7
135 6
136 10
137 10
138 6
139 6
140 2
141 6
142 1
143 6
144 8
145 9
146 5
147 1
148 1
149 4
150 5
151 1
152 10
153 6
154 9
155 4
156 9
157 1
158 2
159 2
160 3
161 4
162 1
163 4
164 8
165 4
166 2
167 7
168 10
169 3
170 3
171 5
172 1
173 3
174 10
175 10
176 4
177 8
178 1
179 8
180 7
181 4
182 2
183 5
184 8
185 8
186 5
187 9
188 5
189 3
190 1
191 9
192 6
193 2
194 1
195 10
196 6
197 7
198 2
199 7
200 1
201 7
202 7
203 8
204 4
205 1
206 9
207 10
208 7
209 5
210 9
211 6
212 6
213 2
214 3
215 1
216 1
217 7
218 5
219 10
220 3
221 1
222 5
223 6
224 3
225 4
226 3
227 7
228 2
229 3
230 8
231 10
232 4
233 7
234 4
235 2
236 1
237 5
238 4
239 5
240 3
241 3
242 5
243 3
244 2
245 2
246 10
247 8
248 5
249 8
250 6
251 7
252 7
253 9
254 9
255 3
256 5
257 3
258 2
259 8
260 8
261 2
262 2
263 2
264 5
265 3
266 2
267 3
268 9
269 3
270 6
271 6
272 5
273 6
274 1
275 6
276 9
277 1
278 8
279 9
280 10
281 1
282 4
283 1
284 8
285 9
286 10
287 3
288 4
289 10
290 3
291 3
292 1
293 5
294 8
295 10
296 2
297 8
298 1
299 3
300 4
301 5
302 10
303 10
304 10
305 6
306 7
307 7
308 5
309 2
310 2
311 8
312 7
313 1
314 6
315 3
316 9
317 5
318 2
319 9
320 9
321 9
322 7
323 5
324 9
325 7
326 6
327 10
328 8
329 8
330 6
331 3
332 3
333 9
334 2
335 10
336 4
337 7
338 2
339 1
340 2
341 4
342 9
343 10
344 8
345 7
346 7
347 3
348 5
349 8
350 8
351 3
352 6
353 3
354 10
355 9
356 9
357 6
358 8
359 9
360 4
361 9
362 8
363 5
364 4
365 5
366 8
367 5
368 4
369 9
370 3
371 3
372 1
373 7
374 1
375 10
376 2
377 10
378 2
379 7
380 2
381 5
382 2
383 8
384 7
385 9
386 4
387 7
388 2
389 5
390 3
391 9
392 7
393 10
394 3
395 1
396 5
397 9
398 4
399 5
400 4
401 1
402 4
403 6
404 4
405 9
406 7
407 4
408 3
409 8
410 10
411 10
412 8
413 3
414 2
415 8
416 3
417 3
418 10
419 8
420 9
421 10
422 3
423 6
424 10
425 4
426 9
427 4
428 8
429 8
430 7
431 6
432 6
433 5
434 2
435 9
436 6
437 1
438 3
439 3
440 5
441 2
442 2
443 7
444 7
445 6
446 5
447 9
448 9
449 7
450 9
451 5
452 2
453 3
454 10
455 7
456 3
457 1
458 2
459 1
460 7
461 9
462 7
463 1
464 1
465 9
466 7
467 2
468 8
469 2
470 9
471 9
472 9
473 6
474 8
475 5
476 3
477 7
478 5
479 6
480 7
481 5
482 4
483 9
484 2
485 4
486 8
487 7
488 3
489 10
490 8
491 1
492 9
493 7
494 7
495 1
496 7
497 3
498 4
499 10
500 2
501 4
502 5
503 4
504 4
505 8
506 3
507 8
508 3
509 6
510 3
511 8
512 2
513 2
514 7
515 9
516 3
517 7
518 4
519 10
520 3
521 6
522 6
523 10
524 6
525 6
526 2
527 6
528 1
529 10
530 1
531 1
532 10
533 5
534 5
535 9
536 5
537 8
538 5
539 10
540 8
541 6
542 4
543 5
544 9
545 10
546 7
547 8
548 3
549 1
550 10
551 5
552 6
553 7
554 5
555 1
556 7
557 4
558 6
559 2
560 7
561 2
562 8
563 6
564 2
565 7
566 8
567 9
568 7
569 1
570 10
571 7
572 6
573 8
574 8
575 3
576 1
577 10
578 9
579 7
580 5
581 3
582 1
583 5
584 6
585 9
586 2
587 3
588 3
589 4
590 1
591 5
592 6
593 7
594 3
595 7
596 2
597 4
598 1
599 6
600 5
601 4
602 5
603 3
604 4
605 8
606 4
607 2
608 6
609 9
610 7
611 3
612 2
613 3
614 4
615 5
616 3
617 4
618 7
619 8
620 1
621 1
622 4
623 9
624 9
625 7
626 7
627 1
628 2
629 3
630 10
631 10
632 1
633 1
634 1
635 6
636 6
637 5
638 2
639 7
640 4
641 1
642 2
643 9
644 8
645 9
646 6
647 7
648 10
649 2
650 10
651 10
652 10
653 6
654 2
655 4
656 1
657 2
658 6
659 6
660 2
661 5
662 1
663 4
664 5
665 4
666 1
667 5
668 6
669 10
670 4
671 1
672 10
673 1
674 6
675 5
676 5
677 5
678 6
679 9
680 4
681 4
682 10
683 4
684 2
685 4
686 6
687 2
688 1
689 1
690 9
691 7
692 2
693 1
694 4
695 4
696 3
697 9
698 2
699 10
700 9
701 4
702 10
703 6
704 4
705 4
706 4
707 4
708 6
709 8
710 2
711 9
712 2
713 7
714 2
715 10
716 10
717 3
718 3
719 6
720 1
721 5
722 3
723 4
724 3
725 2
726 1
727 8
728 5
729 10
730 6
731 10
732 10
733 5
734 4
735 3
736 6
737 3
738 8
739 4
740 8
741 8
742 7
743 1
744 10
745 10
746 10
747 3
748 5
749 5
750 9
751 8
752 9
753 3
754 10
755 10
756 10
757 1
758 7
759 6
760 8
761 7
762 10
763 2
764 9
765 10
766 4
767 5
768 2
769 9
770 8
771 1
772 9
773 4
774 9
775 4
776 5
777 7
778 2
779 10
780 3
781 9
782 4
783 7
784 3
785 9
786 3
787 7
788 10
789 3
790 1
791 6
792 5
793 8
794 3
795 9
796 3
797 6
798 3
799 10
800 10
801 2
802 1
803 7
804 1
805 8
806 10
807 9
808 4
809 9
810 1
811 4
812 4
813 10
814 4
815 4
816 7
817 3
818 5
819 5
820 1
821 2
822 6
823 6
824 10
825 3
826 8
827 5
828 5
829 5
830 5
831 3
832 3
833 1
834 2
835 5
836 5
837 10
838 7
839 10
840 9
841 1
842 6
843 10
844 4
845 10
846 10
847 5
848 7
849 3
850 2
851 9
852 10
853 6
854 2
855 7
856 1
857 2
858 2
859 3
860 1
861 4
862 5
863 3
864 7
865 5
866 5
867 4
868 7
869 5
870 10
871 3
872 5
873 4
874 7
875 6
876 2
877 5
878 5
879 2
880 1
881 9
882 9
883 6
884 4
885 1
886 2
887 4
888 5
889 1
890 9
891 5
892 8
893 2
894 4
895 9
896 5
897 4
898 4
899 4
900 9
901 7
902 3
903 6
904 6
905 5
906 10
907 2
908 1
909 9
910 2
911 8
912 9
913 8
914 3
915 9
916 8
917 4
918 10
919 1
920 2
921 9
922 2
923 7
924 2
925 4
926 9
927 9
928 1
929 10
930 7
931 8
932 4
933 5
934 6
935 6
936 3
937 2
938 3
939 5
940 5
941 8
942 2
943 2
944 1
945 5
946 2
947 3
948 8
949 6
950 3
951 1
952 7
953 2
954 9
955 5
956 7
957 7
958 5
959 7
960 9
961 5
962 1
963 3
964 10
965 5
966 7
967 4
968 4
969 1
970 5
971 1
972 7
973 8
974 7
975 6
976 6
977 5
978 3
979 10
980 9
981 2
982 7
983 10
984 8
985 9
986 10
987 10
988 4
989 2
990 4
991 4
992 10
993 10
994 8
995 4
996 5
997 4
998 8
999 4
1000 8

# Durations (p)
1 122
2 69
3 193
4 98
5 109
6 78
7 126
8 244
9 144
10 178
11 142
12 235
13 164
14 165
15 77
16 69
17 79
18 112
19 53
20 237
21 198
22 133
23 163
24 77
25 74
26 67
27 82
28 50
29 116
30 173
31 142
32 63
33 145
34 45
35 25
36 220
37 79
38 51
39 32
40 112
41 23
42 206
43 123
44 163
45 87
46 208
47 307
48 158
49 194
50 217
51 95
52 77
53 334
54 120
55 86
56 150
57 115
58 142
59 34
60 121
61 274
62 238
63 381
64 130
65 136
66 177
67 41
68 111
69 162
70 186
71 124
72 148
73 198
74 61
75 55
76 81
77 22
78 224
79 120
80 45
81 159
82 85
83 220
84 181
85 24
86 347
87 197
88 93
89 141
90 25
91 81
92 93
93 232
94 216
95 214
96 163
97 126
98 59
99 90
100 93
101 21
102 201
103 234
104 67
105 166
106 122
107 45
108 188
109 110
110 24
111 243
112 116
113 128
114 71
115 183
116 121
117 78
118 86
119 57
120 227
121 169
122 167
123 302
124 47
125 80
126 252
127 228
128 180
129 21
130 92
131 138
132 114
133 298
134 177
135 114
136 54
137 163
138 79
139 87
140 385
141 82
142 53
143 122
144 202
145 223
146 135
147 136
148 121
149 181
150 159
151 173
152 50
153 116
154 147
155 186
156 143
157 97
158 62
159 219
160 84
161 235
162 120
163 106
164 126
165 255
166 74
167 82
168 52
169 149
170 83
171 52
172 193
173 150
174 146
175 104
176 150
177 53
178 150
179 197
180 125
181 174
182 20
183 304
184 112
185 28
186 145
187 171
188 49
189 178
190 106
191 105
192 135
193 160
194 95
195 23
196 91
197 120
198 244
199 48
200 296
201 219
202 248
203 122
204 125
205 143
206 237
207 123
208 35
209 141
210 90
211 226
212 126
213 167
214 55
215 249
216 224
217 29
218 34
219 21
220 95
221 49
222 246
223 29
224 288
225 207
226 179
227 76
228 271
229 323
230 76
231 73
232 69
233 79
234 160
235 50
236 149
237 84
238 62
239 222
240 173
241 39
242 126
243 330
244 205
245 200
246 180
247 271
248 405
249 105
250 40
251 113
252 122
253 151
254 22
255 172
256 255
257 109
258 98
259 202
260 32
261 129
262 36
263 200
264 30
265 30
266 331
267 162
268 87
269 187
270 58
271 208
272 120
273 42
274 64
275 77
276 137
277 180
278 157
279 144
280 60
281 108
282 189
283 170
284 226
285 111
286 68
287 252
288 161
289 29
290 38
291 40
292 97
293 223
294 147
295 44
296 80
297 232
298 84
299 96
300 248
301 168
302 151
303 164
304 97
305 154
306 81
307 79
308 49
309 108
310 69
311 242
312 250
313 202
314 23
315 122
316 239
317 33
318 189
319 154
320 83
321 214
322 140
323 216
324 247
325 157
326 134
327 180
328 154
329 111
330 109
331 36
332 68
333 212
334 159
335 30
336 82
337 124
338 199
339 145
340 157
341 73
342 174
343 109
344 181
345 282
346 102
347 198
348 165
349 271
350 252
351 72
352 83
353 27
354 210
355 265
356 25
357 98
358 92
359 21
360 70
361 155
362 116
363 204
364 38
365 166
366 92
367 80
368 88
369 87
370 275
371 265
372 242
373 33
374 157
375 87
376 62
377 57
378 52
379 32
380 51
381 105
382 59
383 109
384 306
385 114
386 100
387 119
388 65
389 22
390 231
391 31
392 86
393 168
394 303
395 147
396 73
397 222
398 179
399 83
400 104
401 148
402 128
403 114
404 151
405 296
406 141
407 153
408 198
409 43
410 55
411 215
412 81
413 80
414 86
415 99
416 213
417 112
418 43
419 112
420 236
421 133
422 97
423 123
424 297
425 69
426 147
427 105
428 199
429 203
430 222
431 211
432 97
433 223
434 208
435 150
436 159
437 126
438 69
439 39
440 97
441 86
442 271
443 116
444 61
445 224
446 124
447 212
448 216
449 121
450 133
451 104
452 144
453 20
454 295
455 151
456 69
457 341
458 71
459 81
460 171
461 96
462 84
463 185
464 363
465 169
466 47
467 116
468 251
469 124
470 125
471 228
472 103
473 53
474 312
475 120
476 81
477 229
478 55
479 148
480 130
481 44
482 45
483 96
484 220
485 79
486 122
487 132
488 144
489 174
490 62
491 121
492 48
493 63
494 75
495 204
496 143
497 75
498 168
499 101
500 23
501 73
502 55
503 132
504 251
505 119
506 159
507 156
508 350
509 261
510 168
511 147
512 192
513 110
514 58
515 27
516 84
517 152
518 125
519 282
520 141
521 90
522 177
523 149
524 44
525 248
526 102
527 191
528 288
529 134
530 215
531 109
532 113
533 215
534 133
535 188
536 85
537 87
538 100
539 118
540 119
541 310
542 37
543 82
544 46
545 48
546 70
547 100
548 68
549 170
550 250
551 280
552 272
553 432
554 291
555 79
556 63
557 142
558 325
559 166
560 200
561 169
562 161
563 123
564 31
565 45
566 153
567 190
568 239
569 83
570 302
571 71
572 40
573 109
574 123
575 110
576 120
577 197
578 180
579 40
580 329
581 104
582 66
583 140
584 93
585 173
586 29
587 107
588 117
589 71
590 116
591 205
592 310
593 161
594 101
595 72
596 212
597 173
598 217
599 112
600 72
601 159
602 133
603 58
604 43
605 155
606 23
607 230
608 356
609 216
610 180
611 77
612 20
613 112
614 66
615 295
616 142
617 126
618 150
619 79
620 190
621 86
622 29
623 196
624 100
625 180
626 150
627 92
628 34
629 175
630 172
631 72
632 46
633 153
634 104
635 109
636 130
637 41
638 273
639 26
640 254
641 163
642 45
643 123
644 88
645 54
646 164
647 166
648 36
649 140
650 224
651 38
652 45
653 126
654 38
655 114
656 319
657 143
658 69
659 85
660 148
661 65
662 33
663 74
664 30
665 105
666 113
667 167
668 124
669 60
670 211
671 104
672 167
673 218
674 186
675 206
676 69
677 152
678 196
679 115
680 62
681 41
682 182
683 305
684 270
685 53
686 90
687 117
688 193
689 69
690 53
691 108
692 78
693 193
694 168
695 159
696 71
697 59
698 87
699 195
700 158
701 332
702 273
703 57
704 209
705 39
706 66
707 156
708 301
709 35
710 23
711 180
712 35
713 171
714 101
715 33
716 166
717 197
718 94
719 66
720 176
721 61
722 79
723 213
724 190
725 212
726 166
727 202
728 240
729 48
730 226
731 42
732 259
733 130
734 188
735 121
736 131
737 178
738 90
739 49
740 54
741 125
742 228
743 62
744 191
745 102
746 157
747 42
748 147
749 221
750 60
751 91
752 55
753 188
754 65
755 24
756 164
757 220
758 522
759 92
760 213
761 98
762 29
763 230
764 127
765 114
766 107
767 120
768 172
769 111
770 161
771 124
772 192
773 133
774 242
775 31
776 80
777 298
778 63
779 88
780 172
781 95
782 92
783 36
784 140
785 22
786 141
787 85
788 24
789 143
790 123
791 221
792 62
793 61
794 126
795 68
796 34
797 70
798 172
799 76
800 222
801 145
802 228
803 127
804 27
805 117
806 280
807 108
808 184
809 48
810 71
811 214
812 112
813 195
814 234
815 248
816 115
817 335
818 181
819 151
820 65
821 131
822 43
823 25
824 101
825 163
826 169
827 290
828 80
829 230
830 291
831 138
832 221
833 66
834 232
835 119
836 197
837 141
838 318
839 210
840 242
841 71
842 154
843 93
844 55
845 164
846 117
847 81
848 169
849 116
850 163
851 179
852 214
853 177
854 188
855 169
856 33
857 170
858 130
859 127
860 29
861 201
862 104
863 116
864 108
865 145
866 55
867 204
868 214
869 145
870 216
871 38
872 39
873 57
874 179
875 90
876 143
877 55
878 88
879 52
880 263
881 42
882 188
883 179
884 46
885 393
886 201
887 79
888 148
889 192
890 61
891 344
892 278
893 48
894 188
895 100
896 209
897 74
898 213
899 222
900 67
901 72
902 131
903 78
904 44
905 104
906 203
907 246
908 177
909 330
910 47
911 128
912 112
913 43
914 132
915 102
916 164
917 140
918 137
919 120
920 78
921 197
922 49
923 82
924 191
925 190
926 108
927 224
928 226
929 49
930 264
931 234
932 117
933 204
934 131
935 147
936 213
937 133
938 146
939 251
940 88
941 113
942 38
943 256
944 65
945 104
946 56
947 69
948 61
949 97
950 41
951 75
952 245
953 63
954 53
955 99
956 139
957 75
958 211
959 174
960 85
961 27
962 45
963 193
964 264
965 309
966 117
967 165
968 124
969 94
970 97
971 220
972 319
973 102
974 34
975 49
976 106
977 73
978 147
979 187
980 57
981 147
982 174
983 53
984 131
985 44
986 76
987 99
988 70
989 39
990 76
991 119
992 196
993 167
994 43
995 118
996 119
997 177
998 187
999 277
1000 91

orderrules
1 488 au000 avant au487
2 884 au001 avant au883
3 166 au002 avant au165
4 660 au003 avant au659
5 91 au004 avant au090
6 188 au005 avant au187
7 940 au006 avant au939
8 92 au007 avant au091
9 173 au008 avant au172
10 174 au009 avant au173
11 126 au010 avant au125
12 772 au011 avant au771
13 241 au012 avant au240
14 553 au013 avant au552
15 17 au014 avant au016
15 19 au014 avant au018
15 22 au014 avant au021
15 24 au014 avant au023
15 29 au014 avant au028
15 30 au014 avant au029
15 32 au014 avant au031
16 18 au015 avant au017
16 20 au015 avant au019
16 21 au015 avant au020
16 23 au015 avant au022
16 25 au015 avant au024
16 26 au015 avant au025
16 27 au015 avant au026
16 28 au015 avant au027
16 31 au015 avant au030
16 33 au015 avant au032
17 695 au016 avant au694
18 660 au017 avant au659
19 91 au018 avant au090
20 91 au019 avant au090
21 188 au020 avant au187
22 188 au021 avant au187
23 92 au022 avant au091
24 92 au023 avant au091
25 92 au024 avant au091
26 413 au025 avant au412
27 413 au026 avant au412
28 278 au027 avant au277
29 174 au028 avant au173
30 459 au029 avant au458
31 35 au030 avant au034
31 36 au030 avant au035
31 39 au030 avant au038
31 40 au030 avant au039
31 41 au030 avant au040
31 43 au030 avant au042
31 44 au030 avant au043
31 46 au030 avant au045
31 47 au030 avant au046
31 48 au030 avant au047
32 37 au031 avant au036
32 38 au031 avant au037
32 42 au031 avant au041
32 45 au031 avant au044
32 49 au031 avant au048
32 76 au031 avant au075
33 34 au032 avant au033
33 345 au032 avant au344
34 730 au033 avant au729
35 591 au034 avant au590
36 657 au035 avant au656
37 884 au036 avant au883
38 903 au037 avant au902
39 166 au038 avant au165
40 91 au039 avant au090
41 188 au040 avant au187
42 188 au041 avant au187
43 173 au042 avant au172
44 173 au043 avant au172
45 126 au044 avant au125
46 241 au045 avant au240
47 760 au046 avant au759
48 50 au047 avant au049
48 51 au047 avant au050
48 53 au047 avant au052
48 55 au047 avant au054
48 56 au047 avant au055
48 57 au047 avant au056
48 59 au047 avant au058
48 60 au047 avant au059
48 64 au047 avant au063
48 65 au047 avant au064
48 66 au047 avant au065
48 67 au047 avant au066
48 68 au047 avant au067
49 52 au048 avant au051
49 54 au048 avant au053
49 58 au048 avant au057
49 61 au048 avant au060
49 62 au048 avant au061
49 63 au048 avant au062
49 78 au048 avant au077
50 488 au049 avant au487
51 695 au050 avant au694
52 91 au051 avant au090
53 91 au052 avant au090
54 188 au053 avant au187
55 521 au054 avant au520
56 92 au055 avant au091
57 92 au056 avant au091
58 92 au057 avant au091
59 957 au058 avant au956
60 126 au059 avant au125
61 402 au060 avant au401
62 459 au061 avant au458
63 405 au062 avant au404
64 405 au063 avant au404
65 241 au064 avant au240
66 792 au065 avant au791
67 73 au066 avant au072
67 74 au066 avant au073
67 75 au066 avant au074
67 76 au066 avant au075
67 78 au066 avant au077
67 80 au066 avant au079
67 81 au066 avant au080
67 85 au066 avant au084
67 86 au066 avant au085
68 69 au067 avant au068
68 70 au067 avant au069
68 71 au067 avant au070
68 72 au067 avant au071
68 77 au067 avant au076
68 79 au067 avant au078
68 81 au067 avant au080
68 82 au067 avant au081
68 83 au067 avant au082
68 84 au067 avant au083
68 154 au067 avant au153
69 234 au068 avant au233
70 903 au069 avant au902
71 614 au070 avant au613
72 91 au071 avant au090
73 91 au072 avant au090
74 188 au073 avant au187
75 92 au074 avant au091
76 413 au075 avant au412
77 349 au076 avant au348
78 843 au077 avant au842
79 126 au078 avant au125
80 405 au079 avant au404
81 405 au080 avant au404
82 241 au081 avant au240
83 734 au082 avant au733
84 87 au083 avant au086
84 88 au083 avant au087
84 93 au083 avant au092
84 102 au083 avant au101
84 103 au083 avant au102
85 89 au084 avant au088
85 90 au084 avant au089
85 95 au084 avant au094
85 96 au084 avant au095
85 97 au084 avant au096
85 99 au084 avant au098
85 161 au084 avant au160
86 94 au085 avant au093
86 98 au085 avant au097
86 100 au085 avant au099
86 101 au085 avant au100
87 234 au086 avant au233
88 234 au087 avant au233
89 313 au088 avant au312
90 520 au089 avant au519
91 105 au090 avant au104
91 106 au090 avant au105
91 108 au090 avant au107
91 110 au090 avant au109
91 111 au090 avant au110
91 112 au090 avant au111
91 113 au090 avant au112
91 114 au090 avant au113
91 128 au090 avant au127
91 145 au090 avant au144
91 270 au090 avant au269
92 104 au091 avant au103
92 107 au091 avant au106
92 115 au091 avant au114
92 116 au091 avant au115
92 117 au091 avant au116
92 118 au091 avant au117
92 119 au091 avant au118
92 120 au091 avant au119
92 121 au091 avant au120
92 122 au091 avant au121
92 123 au091 avant au122
92 124 au091 avant au123
92 125 au091 avant au124
92 127 au091 avant au126
92 129 au091 avant au128
93 413 au092 avant au412
94 173 au093 avant au172
95 174 au094 avant au173
96 843 au095 avant au842
97 843 au096 avant au842
98 305 au097 avant au304
99 515 au098 avant au514
100 126 au099 avant au125
101 402 au100 avant au401
102 734 au101 avant au733
103 109 au102 avant au108
104 234 au103 avant au233
105 797 au104 avant au796
106 488 au105 avant au487
107 756 au106 avant au755
108 166 au107 avant au165
109 549 au108 avant au548
110 521 au109 avant au520
111 130 au110 avant au129
112 130 au111 avant au129
112 134 au111 avant au133
112 135 au111 avant au134
112 189 au111 avant au188
112 299 au111 avant au298
112 354 au111 avant au353
113 130 au112 avant au129
113 149 au112 avant au148
114 130 au113 avant au129
114 131 au113 avant au130
114 133 au113 avant au132
114 211 au113 avant au210
114 226 au113 avant au225
115 270 au114 avant au269
116 130 au115 avant au129
116 354 au115 avant au353
117 590 au116 avant au589
118 131 au117 avant au130
118 135 au117 avant au134
119 144 au118 avant au143
120 143 au119 avant au142
121 234 au120 avant au233
121 311 au120 avant au310
122 130 au121 avant au129
122 131 au121 avant au130
122 145 au121 avant au144
122 269 au121 avant au268
122 352 au121 avant au351
122 353 au121 avant au352
122 354 au121 avant au353
123 232 au122 avant au231
123 272 au122 avant au271
123 358 au122 avant au357
124 132 au123 avant au131
124 278 au123 avant au277
125 130 au124 avant au129
125 135 au124 avant au134
125 265 au124 avant au264
125 303 au124 avant au302
126 130 au125 avant au129
126 131 au125 avant au130
126 136 au125 avant au135
126 137 au125 avant au136
126 138 au125 avant au137
126 139 au125 avant au138
126 140 au125 avant au139
126 141 au125 avant au140
126 142 au125 avant au141
127 149 au126 avant au148
127 221 au126 avant au220
127 300 au126 avant au299
127 310 au126 avant au309
127 311 au126 avant au310
128 130 au127 avant au129
128 131 au127 avant au130
128 132 au127 avant au131
128 133 au127 avant au132
129 343 au128 avant au342
129 391 au128 avant au390
130 313 au129 avant au312
131 313 au130 avant au312
132 166 au131 avant au165
133 166 au132 avant au165
134 520 au133 avant au519
135 438 au134 avant au437
136 459 au135 avant au458
137 146 au136 avant au145
137 181 au136 avant au180
138 147 au137 avant au146
138 580 au137 avant au579
138 609 au137 avant au608
139 149 au138 avant au148
139 370 au138 avant au369
139 517 au138 avant au516
140 552 au139 avant au551
141 353 au140 avant au352
142 148 au141 avant au147
142 150 au141 avant au149
142 172 au141 avant au171
143 405 au142 avant au404
144 151 au143 avant au150
144 152 au143 avant au151
145 280 au144 avant au279
145 391 au144 avant au390
146 234 au145 avant au233
147 614 au146 avant au613
148 926 au147 avant au925
149 349 au148 avant au348
150 278 au149 avant au277
151 553 au150 avant au552
152 153 au151 avant au152
152 154 au151 avant au153
152 155 au151 avant au154
152 156 au151 avant au155
152 157 au151 avant au156
152 158 au151 avant au157
152 159 au151 avant au158
152 160 au151 avant au159
152 161 au151 avant au160
152 162 au151 avant au161
152 163 au151 avant au162
152 164 au151 avant au163
153 730 au152 avant au729
154 166 au153 avant au165
155 166 au154 avant au165
156 173 au155 avant au172
157 174 au156 avant au173
158 843 au157 avant au842
159 459 au158 avant au458
160 578 au159 avant au577
161 165 au160 avant au164
161 166 au160 avant au165
161 168 au160 avant au167
161 170 au160 avant au169
161 175 au160 avant au174
161 178 au160 avant au177
162 165 au161 avant au164
162 166 au161 avant au165
162 167 au161 avant au166
162 176 au161 avant au175
162 309 au161 avant au308
162 310 au161 avant au309
163 172 au162 avant au171
163 179 au162 avant au178
163 180 au162 avant au179
164 169 au163 avant au168
164 171 au163 avant au170
164 177 au163 avant au176
164 179 au163 avant au178
164 261 au163 avant au260
164 400 au163 avant au399
165 884 au164 avant au883
166 181 au165 avant au180
166 183 au165 avant au182
166 184 au165 avant au183
166 185 au165 avant au184
166 186 au165 avant au185
166 187 au165 avant au186
167 549 au166 avant au548
168 188 au167 avant au187
169 521 au168 avant au520
170 940 au169 avant au939
171 349 au170 avant au348
172 278 au171 avant au277
173 190 au172 avant au189
173 191 au172 avant au190
173 192 au172 avant au191
173 193 au172 avant au192
173 194 au172 avant au193
173 195 au172 avant au194
173 196 au172 avant au195
173 205 au172 avant au204
173 206 au172 avant au205
173 207 au172 avant au206
174 197 au173 avant au196
174 198 au173 avant au197
174 199 au173 avant au198
174 200 au173 avant au199
174 201 au173 avant au200
174 202 au173 avant au201
174 203 au173 avant au202
174 204 au173 avant au203
175 843 au174 avant au842
176 241 au175 avant au240
177 241 au176 avant au240
178 189 au177 avant au188
178 270 au177 avant au269
179 844 au178 avant au843
180 182 au179 avant au181
180 189 au179 avant au188
180 396 au179 avant au395
180 431 au179 avant au430
181 756 au180 avant au755
182 591 au181 avant au590
183 521 au182 avant au520
184 413 au183 avant au412
185 209 au184 avant au208
185 236 au184 avant au235
185 298 au184 avant au297
185 345 au184 avant au344
186 208 au185 avant au207
186 218 au185 avant au217
186 311 au185 avant au310
187 208 au186 avant au207
187 209 au186 avant au208
187 311 au186 avant au310
188 212 au187 avant au211
188 213 au187 avant au212
188 214 au187 avant au213
188 215 au187 avant au214
188 219 au187 avant au218
189 413 au188 avant au412
190 278 au189 avant au277
192 217 au191 avant au216
192 431 au191 avant au430
193 312 au192 avant au311
193 346 au192 avant au345
193 432 au192 avant au431
193 558 au192 avant au557
193 632 au192 avant au631
194 687 au193 avant au686
195 218 au194 avant au217
196 306 au195 avant au305
196 502 au195 avant au501
196 723 au195 avant au722
197 208 au196 avant au207
197 216 au196 avant au215
198 210 au197 avant au209
198 316 au197 avant au315
198 359 au197 avant au358
199 208 au198 avant au207
199 209 au198 avant au208
199 299 au198 avant au298
200 354 au199 avant au353
200 439 au199 avant au438
201 229 au200 avant au228
201 235 au200 avant au234
201 286 au200 avant au285
201 311 au200 avant au310
201 354 au200 avant au353
202 290 au201 avant au289
202 530 au201 avant au529
203 265 au202 avant au264
204 295 au203 avant au294
205 459 au204 avant au458
206 389 au205 avant au388
207 208 au206 avant au207
207 209 au206 avant au208
207 210 au206 avant au209
207 211 au206 avant au210
207 232 au206 avant au231
208 234 au207 avant au233
209 695 au208 avant au694
210 695 au209 avant au694
211 313 au210 avant au312
212 977 au211 avant au976
213 413 au212 avant au412
214 221 au213 avant au220
214 226 au213 avant au225
214 231 au213 avant au230
215 223 au214 avant au222
215 227 au214 avant au226
215 233 au214 avant au232
215 277 au214 avant au276
216 405 au215 avant au404
217 241 au216 avant au240
218 220 au217 avant au219
218 224 au217 avant au223
218 225 au217 avant au224
218 229 au217 avant au228
218 230 au217 avant au229
218 232 au217 avant au231
219 220 au218 avant au219
219 222 au218 avant au221
219 228 au218 avant au227
220 234 au219 avant au233
221 234 au220 avant au233
222 657 au221 avant au656
223 313 au222 avant au312
224 620 au223 avant au619
225 620 au224 avant au619
226 549 au225 avant au548
227 463 au226 avant au462
228 305 au227 avant au304
229 241 au228 avant au240
230 241 au229 avant au240
231 553 au230 avant au552
232 237 au231 avant au236
232 240 au231 avant au239
232 243 au231 avant au242
232 403 au231 avant au402
232 502 au231 avant au501
233 235 au232 avant au234
233 236 au232 avant au235
233 238 au232 avant au237
233 239 au232 avant au238
233 242 au232 avant au241
233 244 au232 avant au243
233 245 au232 avant au244
233 246 au232 avant au245
233 247 au232 avant au246
233 248 au232 avant au247
234 249 au233 avant au248
234 250 au233 avant au249
234 251 au233 avant au250
234 252 au233 avant au251
234 253 au233 avant au252
234 254 au233 avant au253
235 313 au234 avant au312
236 660 au235 avant au659
237 940 au236 avant au939
238 977 au237 avant au976
239 413 au238 avant au412
240 459 au239 avant au458
241 256 au240 avant au255
241 257 au240 avant au256
241 258 au240 avant au257
241 259 au240 avant au258
241 260 au240 avant au259
242 553 au241 avant au552
243 255 au242 avant au254
243 263 au242 avant au262
243 493 au242 avant au492
244 255 au243 avant au254
244 275 au243 avant au274
244 389 au243 avant au388
244 477 au243 avant au476
245 255 au244 avant au254
245 261 au244 avant au260
245 262 au244 avant au261
245 263 au244 avant au262
245 264 au244 avant au263
246 255 au245 avant au254
246 265 au245 avant au264
248 262 au247 avant au261
248 317 au247 avant au316
248 377 au247 avant au376
249 614 au248 avant au613
250 413 au249 avant au412
251 266 au250 avant au265
251 359 au250 avant au358
251 488 au250 avant au487
251 515 au250 avant au514
251 522 au250 avant au521
252 341 au251 avant au340
252 763 au251 avant au762
252 797 au251 avant au796
252 806 au251 avant au805
253 273 au252 avant au272
253 356 au252 avant au355
253 380 au252 avant au379
254 266 au253 avant au265
254 274 au253 avant au273
254 316 au253 avant au315
255 940 au254 avant au939
256 275 au255 avant au274
256 283 au255 avant au282
256 522 au255 avant au521
257 266 au256 avant au265
257 267 au256 avant au266
257 268 au256 avant au267
257 272 au256 avant au271
257 312 au256 avant au311
257 611 au256 avant au610
257 632 au256 avant au631
257 666 au256 avant au665
258 580 au257 avant au579
258 617 au257 avant au616
258 694 au257 avant au693
259 479 au258 avant au478
259 589 au258 avant au588
260 266 au259 avant au265
260 745 au259 avant au744
261 553 au260 avant au552
262 271 au261 avant au270
262 499 au261 avant au498
262 685 au261 avant au684
263 558 au262 avant au557
263 699 au262 avant au698
264 269 au263 avant au268
264 518 au263 avant au517
264 648 au263 avant au647
264 679 au263 avant au678
265 270 au264 avant au269
266 695 au265 avant au694
267 695 au266 avant au694
268 657 au267 avant au656
269 926 au268 avant au925
270 278 au269 avant au277
271 843 au270 avant au842
272 772 au271 avant au771
273 459 au272 avant au458
274 277 au273 avant au276
274 279 au273 avant au278
274 281 au273 avant au280
274 283 au273 avant au282
274 286 au273 avant au285
275 276 au274 avant au275
275 280 au274 avant au279
275 282 au274 avant au281
275 284 au274 avant au283
275 285 au274 avant au284
275 392 au274 avant au391
276 797 au275 avant au796
277 413 au276 avant au412
278 291 au277 avant au290
278 292 au277 avant au291
278 293 au277 avant au292
278 294 au277 avant au293
278 295 au277 avant au294
278 297 au277 avant au296
279 305 au278 avant au304
280 515 au279 avant au514
281 515 au280 avant au514
282 553 au281 avant au552
283 553 au282 avant au552
284 760 au283 avant au759
285 287 au284 avant au286
285 289 au284 avant au288
285 701 au284 avant au700
286 288 au285 avant au287
286 290 au285 avant au289
286 296 au285 avant au295
287 730 au286 avant au729
288 657 au287 avant au656
289 957 au288 avant au956
290 413 au289 avant au412
291 305 au290 avant au304
292 772 au291 avant au771
293 578 au292 avant au577
294 300 au293 avant au299
294 301 au293 avant au300
294 310 au293 avant au309
294 311 au293 avant au310
294 317 au293 avant au316
294 390 au293 avant au389
295 298 au294 avant au297
295 299 au294 avant au298
295 300 au294 avant au299
295 302 au294 avant au301
295 304 au294 avant au303
295 306 au294 avant au305
295 307 au294 avant au306
295 308 au294 avant au307
295 353 au294 avant au352
296 303 au295 avant au302
296 343 au295 avant au342
296 461 au295 avant au460
297 308 au296 avant au307
297 309 au296 avant au308
298 313 au297 avant au312
299 313 au298 avant au312
300 520 au299 avant au519
301 463 au300 avant au462
302 438 au301 avant au437
303 438 au302 avant au437
304 438 au303 avant au437
305 312 au304 avant au311
305 313 au304 avant au312
305 314 au304 avant au313
305 315 au304 avant au314
305 317 au304 avant au316
305 318 au304 avant au317
305 319 au304 avant au318
305 320 au304 avant au319
305 321 au304 avant au320
305 322 au304 avant au321
305 323 au304 avant au322
305 324 au304 avant au323
305 325 au304 avant au324
305 326 au304 avant au325
305 327 au304 avant au326
305 328 au304 avant au327
305 329 au304 avant au328
305 330 au304 avant au329
305 331 au304 avant au330
306 772 au305 avant au771
307 553 au306 avant au552
308 313 au307 avant au312
308 350 au307 avant au349
309 619 au308 avant au618
309 791 au308 avant au790
310 316 au309 avant au315
310 347 au309 avant au346
311 383 au310 avant au382
312 730 au311 avant au729
313 332 au312 avant au331
313 333 au312 avant au332
313 334 au312 avant au333
313 335 au312 avant au334
313 336 au312 avant au335
313 337 au312 avant au336
313 338 au312 avant au337
313 339 au312 avant au338
313 340 au312 avant au339
314 614 au313 avant au613
315 520 au314 avant au519
316 413 au315 avant au412
317 438 au316 avant au437
318 772 au317 avant au771
319 343 au318 avant au342
319 385 au318 avant au384
319 411 au318 avant au410
320 341 au319 avant au340
320 665 au319 avant au664
320 805 au319 avant au804
320 832 au319 avant au831
321 791 au320 avant au790
321 849 au320 avant au848
322 345 au321 avant au344
322 462 au321 avant au461
322 589 au321 avant au588
322 679 au321 avant au678
323 344 au322 avant au343
323 355 au322 avant au354
324 341 au323 avant au340
324 342 au323 avant au341
324 492 au323 avant au491
325 901 au324 avant au900
326 650 au325 avant au649
327 341 au326 avant au340
327 404 au326 avant au403
328 341 au327 avant au340
328 460 au327 avant au459
329 344 au328 avant au343
329 374 au328 avant au373
329 690 au328 avant au689
330 553 au329 avant au552
331 341 au330 avant au340
331 701 au330 avant au700
331 788 au330 avant au787
332 349 au331 avant au348
333 349 au332 avant au348
334 405 au333 avant au404
335 734 au334 avant au733
336 357 au335 avant au356
336 745 au335 avant au744
336 790 au335 avant au789
337 346 au336 avant au345
337 347 au336 avant au346
337 348 au336 avant au347
337 356 au336 avant au355
337 358 au336 avant au357
338 346 au337 avant au345
338 355 au337 avant au354
339 346 au338 avant au345
339 475 au338 avant au474
339 478 au338 avant au477
340 348 au339 avant au347
340 351 au339 avant au350
340 390 au339 avant au389
340 464 au339 avant au463
341 843 au340 avant au842
342 352 au341 avant au351
342 354 au341 avant au353
342 377 au341 avant au376
342 530 au341 avant au529
343 353 au342 avant au352
344 646 au343 avant au645
344 737 au343 avant au736
345 350 au344 avant au349
345 759 au344 avant au758
346 730 au345 avant au729
347 940 au346 avant au939
348 413 au347 avant au412
349 361 au348 avant au360
349 362 au348 avant au361
349 364 au348 avant au363
349 365 au348 avant au364
349 366 au348 avant au365
349 367 au348 avant au366
349 368 au348 avant au367
349 369 au348 avant au368
350 843 au349 avant au842
351 515 au350 avant au514
352 792 au351 avant au791
353 578 au352 avant au577
354 896 au353 avant au895
355 360 au354 avant au359
355 371 au354 avant au370
356 359 au355 avant au358
356 370 au355 avant au369
356 372 au355 avant au371
358 363 au357 avant au362
359 695 au358 avant au694
360 657 au359 avant au656
361 660 au360 avant au659
362 549 au361 avant au548
363 413 au362 avant au412
364 413 au363 avant au412
365 459 au364 avant au458
366 379 au365 avant au378
367 377 au366 avant au376
367 382 au366 avant au381
367 383 au366 avant au382
368 373 au367 avant au372
368 380 au367 avant au379
369 520 au368 avant au519
369 590 au368 avant au589
370 578 au369 avant au577
371 373 au370 avant au372
371 375 au370 avant au374
371 376 au370 avant au375
371 384 au370 avant au383
372 374 au371 avant au373
372 378 au371 avant au377
372 379 au371 avant au378
372 381 au371 avant au380
373 730 au372 avant au729
374 695 au373 avant au694
375 695 au374 avant au694
376 521 au375 avant au520
377 521 au376 avant au520
378 696 au377 avant au695
379 413 au378 avant au412
380 463 au379 avant au462
381 438 au380 avant au437
382 459 au381 avant au458
383 459 au382 avant au458
384 385 au383 avant au384
384 386 au383 avant au385
384 387 au383 avant au386
384 388 au383 avant au387
384 389 au383 avant au388
384 390 au383 avant au389
384 391 au383 avant au390
384 392 au383 avant au391
385 488 au384 avant au487
386 402 au385 avant au401
387 402 au386 avant au401
388 405 au387 avant au404
389 395 au388 avant au394
389 396 au388 avant au395
389 397 au388 avant au396
390 393 au389 avant au392
390 399 au389 avant au398
390 400 au389 avant au399
391 398 au390 avant au397
391 403 au390 avant au402
391 404 au390 avant au403
391 406 au390 avant au405
391 408 au390 avant au407
391 409 au390 avant au408
392 394 au391 avant au393
392 401 au391 avant au400
392 407 au391 avant au406
392 440 au391 avant au439
393 657 au392 avant au656
394 926 au393 avant au925
395 940 au394 avant au939
396 696 au395 avant au695
397 413 au396 avant au412
398 413 au397 avant au412
399 438 au398 avant au437
400 515 au399 avant au514
401 772 au400 avant au771
402 412 au401 avant au411
402 415 au401 avant au414
402 416 au401 avant au415
402 417 au401 avant au416
402 418 au401 avant au417
402 419 au401 avant au418
402 420 au401 avant au419
402 421 au401 avant au420
403 459 au402 avant au458
404 459 au403 avant au458
405 411 au404 avant au410
405 422 au404 avant au421
405 423 au404 avant au422
405 424 au404 avant au423
405 425 au404 avant au424
405 426 au404 avant au425
405 427 au404 avant au426
405 428 au404 avant au427
405 429 au404 avant au428
406 553 au405 avant au552
407 684 au406 avant au683
408 410 au407 avant au409
409 410 au408 avant au409
409 414 au408 avant au413
409 430 au408 avant au429
410 591 au409 avant au590
411 860 au410 avant au859
412 521 au411 avant au520
413 434 au412 avant au433
413 435 au412 avant au434
413 436 au412 avant au435
413 437 au412 avant au436
414 438 au413 avant au437
415 459 au414 avant au458
416 578 au415 avant au577
417 431 au416 avant au430
418 432 au417 avant au431
418 546 au417 avant au545
419 431 au418 avant au430
419 633 au418 avant au632
419 650 au418 avant au649
419 679 au418 avant au678
420 431 au419 avant au430
420 432 au419 avant au431
421 442 au420 avant au441
422 431 au421 avant au430
422 433 au421 avant au432
423 686 au422 avant au685
423 688 au422 avant au687
423 738 au422 avant au737
424 431 au423 avant au430
424 441 au423 avant au440
425 440 au424 avant au439
426 432 au425 avant au431
426 554 au425 avant au553
426 632 au425 avant au631
427 489 au426 avant au488
428 652 au427 avant au651
429 439 au428 avant au438
430 518 au429 avant au517
430 555 au429 avant au554
430 607 au429 avant au606
430 609 au429 avant au608
430 632 au429 avant au631
431 657 au430 avant au656
432 940 au431 avant au939
433 696 au432 avant au695
434 463 au433 avant au462
435 459 au434 avant au458
436 443 au435 avant au442
436 444 au435 avant au443
436 590 au435 avant au589
437 444 au436 avant au443
437 447 au436 avant au446
437 461 au436 avant au460
438 448 au437 avant au447
438 449 au437 avant au448
438 450 au437 avant au449
438 451 au437 avant au450
438 452 au437 avant au451
438 453 au437 avant au452
438 454 au437 avant au453
438 455 au437 avant au454
438 456 au437 avant au455
438 457 au437 avant au456
438 458 au437 avant au457
439 459 au438 avant au458
440 459 au439 avant au458
441 460 au440 avant au459
442 445 au441 avant au444
442 446 au441 avant au445
443 695 au442 avant au694
444 520 au443 avant au519
445 549 au444 avant au548
446 521 au445 avant au520
447 463 au446 avant au462
448 843 au447 avant au842
449 734 au448 avant au733
450 462 au449 avant au461
450 522 au449 avant au521
450 578 au449 avant au577
451 477 au450 avant au476
451 498 au450 avant au497
452 745 au451 avant au744
453 620 au452 avant au619
453 679 au452 avant au678
454 476 au453 avant au475
454 679 au453 avant au678
455 462 au454 avant au461
455 463 au454 avant au462
456 462 au455 avant au461
456 475 au455 avant au474
457 487 au456 avant au486
458 616 au457 avant au615
458 683 au457 avant au682
458 822 au457 avant au821
459 465 au458 avant au464
459 466 au458 avant au465
459 467 au458 avant au466
459 468 au458 avant au467
459 469 au458 avant au468
459 470 au458 avant au469
459 471 au458 avant au470
459 472 au458 avant au471
459 473 au458 avant au472
459 474 au458 avant au473
459 515 au458 avant au514
460 464 au459 avant au463
460 476 au459 avant au475
461 462 au460 avant au461
461 610 au460 avant au609
462 620 au461 avant au619
463 478 au462 avant au477
463 479 au462 avant au478
463 480 au462 avant au479
463 481 au462 avant au480
463 482 au462 avant au481
463 483 au462 avant au482
464 515 au463 avant au514
465 614 au464 avant au613
466 596 au465 avant au595
466 753 au465 avant au752
466 798 au465 avant au797
467 478 au466 avant au477
467 479 au466 avant au478
467 487 au466 avant au486
468 478 au467 avant au477
469 485 au468 avant au484
469 518 au468 avant au517
469 616 au468 avant au615
470 589 au469 avant au588
470 631 au469 avant au630
470 721 au469 avant au720
471 871 au470 avant au870
472 756 au471 avant au755
473 479 au472 avant au478
474 478 au473 avant au477
475 484 au474 avant au483
475 486 au474 avant au485
476 613 au475 avant au612
476 658 au475 avant au657
477 478 au476 avant au477
477 546 au476 avant au545
477 547 au476 avant au546
478 488 au477 avant au487
479 549 au478 avant au548
480 553 au479 avant au552
481 488 au480 avant au487
481 489 au480 avant au488
481 492 au480 avant au491
482 488 au481 avant au487
482 497 au481 avant au496
482 547 au481 avant au546
483 631 au482 avant au630
484 896 au483 avant au895
485 896 au484 avant au895
486 490 au485 avant au489
486 491 au485 avant au490
486 493 au485 avant au492
486 494 au485 avant au493
486 495 au485 avant au494
486 496 au485 avant au495
486 500 au485 avant au499
487 498 au486 avant au497
487 499 au486 avant au498
487 582 au486 avant au581
487 615 au486 avant au614
488 503 au487 avant au502
488 504 au487 avant au503
488 505 au487 avant au504
488 506 au487 avant au505
488 507 au487 avant au506
488 508 au487 avant au507
488 509 au487 avant au508
488 510 au487 avant au509
488 511 au487 avant au510
488 512 au487 avant au511
488 513 au487 avant au512
489 657 au488 avant au656
490 521 au489 avant au520
491 843 au490 avant au842
492 515 au491 avant au514
493 515 au492 avant au514
494 553 au493 avant au552
495 553 au494 avant au552
496 516 au495 avant au515
497 502 au496 avant au501
498 616 au497 avant au615
499 501 au498 avant au500
499 593 au498 avant au592
500 501 au499 avant au500
500 514 au499 avant au513
500 517 au499 avant au516
501 797 au500 avant au796
502 730 au501 avant au729
503 520 au502 avant au519
504 521 au503 avant au520
505 734 au504 avant au733
506 518 au505 avant au517
506 578 au505 avant au577
507 657 au506 avant au656
508 518 au507 avant au517
508 579 au507 avant au578
509 594 au508 avant au593
509 616 au508 avant au615
510 835 au509 avant au834
510 856 au509 avant au855
511 578 au510 avant au577
511 595 au510 avant au594
512 960 au511 avant au959
513 548 au512 avant au547
513 595 au512 avant au594
514 614 au513 avant au613
515 518 au514 avant au517
515 523 au514 avant au522
515 524 au514 avant au523
515 525 au514 avant au524
515 526 au514 avant au525
515 527 au514 avant au526
515 528 au514 avant au527
515 529 au514 avant au528
516 578 au515 avant au577
517 519 au516 avant au518
517 522 au516 avant au521
517 530 au516 avant au529
518 620 au517 avant au619
519 620 au518 avant au619
520 531 au519 avant au530
520 532 au519 avant au531
520 533 au519 avant au532
520 534 au519 avant au533
520 535 au519 avant au534
520 536 au519 avant au535
520 537 au519 avant au536
520 538 au519 avant au537
520 553 au519 avant au552
521 539 au520 avant au538
521 540 au520 avant au539
521 541 au520 avant au540
521 542 au520 avant au541
521 543 au520 avant au542
521 544 au520 avant au543
521 545 au520 avant au544
522 843 au521 avant au842
524 593 au523 avant au592
524 616 au523 avant au615
525 545 au524 avant au544
525 546 au524 avant au545
525 548 au524 avant au547
526 556 au525 avant au555
526 590 au525 avant au589
526 722 au525 avant au721
527 722 au526 avant au721
528 545 au527 avant au544
528 561 au527 avant au560
528 562 au527 avant au561
528 579 au527 avant au578
530 547 au529 avant au546
531 549 au530 avant au548
532 792 au531 avant au791
533 549 au532 avant au548
533 550 au532 avant au549
534 549 au533 avant au548
534 556 au533 avant au555
535 549 au534 avant au548
536 551 au535 avant au550
536 554 au535 avant au553
536 555 au535 avant au554
536 558 au535 avant au557
536 561 au535 avant au560
536 591 au535 avant au590
537 552 au536 avant au551
537 562 au536 avant au561
537 829 au536 avant au828
538 665 au537 avant au664
539 943 au538 avant au942
540 550 au539 avant au549
540 791 au539 avant au790
542 559 au541 avant au558
544 560 au543 avant au559
544 657 au543 avant au656
545 696 au544 avant au695
546 553 au545 avant au552
547 553 au546 avant au552
548 549 au547 avant au548
548 557 au547 avant au556
549 563 au548 avant au562
549 564 au548 avant au563
549 565 au548 avant au564
549 566 au548 avant au565
549 567 au548 avant au566
549 568 au548 avant au567
549 569 au548 avant au568
549 570 au548 avant au569
549 594 au548 avant au593
549 665 au548 avant au664
550 940 au549 avant au939
551 843 au550 avant au842
552 843 au551 avant au842
553 571 au552 avant au570
553 572 au552 avant au571
553 573 au552 avant au572
553 574 au552 avant au573
553 575 au552 avant au574
553 576 au552 avant au575
553 577 au552 avant au576
553 578 au552 avant au577
554 578 au553 avant au577
555 760 au554 avant au759
556 896 au555 avant au895
557 578 au556 avant au577
557 579 au556 avant au578
557 580 au556 avant au579
557 588 au556 avant au587
559 684 au558 avant au683
560 969 au559 avant au968
561 657 au560 avant au656
563 974 au562 avant au973
564 580 au563 avant au579
564 591 au563 avant au590
564 616 au563 avant au615
565 792 au564 avant au791
566 886 au565 avant au885
567 793 au566 avant au792
568 679 au567 avant au678
569 924 au568 avant au923
570 580 au569 avant au579
570 659 au569 avant au658
570 791 au569 avant au790
571 588 au570 avant au587
571 659 au570 avant au658
572 791 au571 avant au790
573 664 au572 avant au663
574 589 au573 avant au588
574 597 au573 avant au596
574 653 au573 avant au652
575 592 au574 avant au591
575 722 au574 avant au721
576 580 au575 avant au579
576 610 au575 avant au609
576 688 au575 avant au687
576 753 au575 avant au752
576 761 au575 avant au760
577 580 au576 avant au579
577 697 au576 avant au696
577 733 au576 avant au732
577 791 au576 avant au790
578 582 au577 avant au581
578 583 au577 avant au582
578 584 au577 avant au583
578 585 au577 avant au584
578 586 au577 avant au585
578 587 au577 avant au586
579 581 au578 avant au580
579 590 au578 avant au589
580 730 au579 avant au729
581 591 au580 avant au590
582 884 au581 avant au883
583 696 au582 avant au695
584 593 au583 avant au592
585 594 au584 avant au593
585 597 au584 avant au596
586 691 au585 avant au690
586 731 au585 avant au730
586 736 au585 avant au735
586 820 au585 avant au819
588 617 au587 avant au616
588 618 au587 avant au617
589 595 au588 avant au594
589 845 au588 avant au844
590 592 au589 avant au591
590 596 au589 avant au595
590 656 au589 avant au655
591 598 au590 avant au597
591 599 au590 avant au598
591 600 au590 avant au599
591 601 au590 avant au600
591 602 au590 avant au601
591 603 au590 avant au602
591 604 au590 avant au603
591 605 au590 avant au604
591 606 au590 avant au605
591 608 au590 avant au607
591 609 au590 avant au608
592 903 au591 avant au902
593 607 au592 avant au606
593 610 au592 avant au609
594 805 au593 avant au804
595 787 au594 avant au786
596 757 au595 avant au756
596 882 au595 avant au881
597 611 au596 avant au610
597 620 au596 avant au619
598 695 au597 avant au694
599 760 au598 avant au759
600 613 au599 avant au612
601 686 au600 avant au685
601 842 au600 avant au841
602 612 au601 avant au611
602 618 au601 avant au617
603 740 au602 avant au739
604 859 au603 avant au858
605 653 au604 avant au652
606 615 au605 avant au614
607 614 au606 avant au613
608 687 au607 avant au686
609 798 au608 avant au797
610 872 au609 avant au871
611 612 au610 avant au611
611 616 au610 avant au615
611 617 au610 avant au616
612 695 au611 avant au694
613 620 au612 avant au619
614 621 au613 avant au620
614 622 au613 avant au621
614 623 au613 avant au622
614 624 au613 avant au623
614 625 au613 avant au624
614 626 au613 avant au625
614 627 au613 avant au626
614 628 au613 avant au627
614 629 au613 avant au628
614 630 au613 avant au629
614 631 au613 avant au630
614 633 au613 avant au632
615 792 au614 avant au791
616 658 au615 avant au657
617 619 au616 avant au618
618 632 au617 avant au631
619 730 au618 avant au729
620 634 au619 avant au633
620 635 au619 avant au634
620 636 au619 avant au635
620 637 au619 avant au636
620 638 au619 avant au637
620 639 au619 avant au638
620 640 au619 avant au639
620 641 au619 avant au640
621 843 au620 avant au842
622 646 au621 avant au645
622 738 au621 avant au737
624 642 au623 avant au641
624 645 au623 avant au644
626 643 au625 avant au642
626 689 au625 avant au688
626 739 au625 avant au738
627 647 au626 avant au646
627 924 au626 avant au923
628 832 au627 avant au831
629 872 au628 avant au871
631 861 au630 avant au860
631 925 au630 avant au924
632 687 au631 avant au686
633 642 au632 avant au641
633 644 au632 avant au643
634 843 au633 avant au842
635 649 au634 avant au648
636 651 au635 avant au650
636 771 au635 avant au770
637 650 au636 avant au649
639 684 au638 avant au683
640 655 au639 avant au654
640 899 au639 avant au898
640 969 au639 avant au968
641 652 au640 avant au651
641 834 au640 avant au833
642 657 au641 avant au656
642 701 au641 avant au700
643 722 au642 avant au721
644 648 au643 avant au647
644 651 au643 avant au650
645 653 au644 avant au652
645 654 au644 avant au653
647 830 au646 avant au829
648 756 au647 avant au755
649 657 au648 avant au656
650 660 au649 avant au659
651 662 au650 avant au661
651 739 au650 avant au738
651 754 au650 avant au753
652 659 au651 avant au658
652 685 au651 avant au684
653 658 au652 avant au657
653 663 au652 avant au662
654 656 au653 avant au655
654 664 au653 avant au663
654 665 au653 avant au664
654 757 au653 avant au756
655 661 au654 avant au660
655 902 au654 avant au901
655 967 au654 avant au966
656 756 au655 avant au755
657 667 au656 avant au666
657 668 au656 avant au667
657 669 au656 avant au668
657 670 au656 avant au669
657 671 au656 avant au670
657 672 au656 avant au671
657 680 au656 avant au679
658 860 au657 avant au859
659 860 au658 avant au859
660 673 au659 avant au672
660 674 au659 avant au673
660 675 au659 avant au674
660 676 au659 avant au675
660 677 au659 avant au676
661 896 au660 avant au895
663 666 au662 avant au665
663 678 au662 avant au677
664 679 au663 avant au678
665 957 au664 avant au956
666 695 au665 avant au694
667 896 au666 avant au895
668 684 au667 avant au683
669 771 au668 avant au770
671 683 au670 avant au682
671 772 au670 avant au771
672 686 au671 avant au685
672 859 au671 avant au858
673 681 au672 avant au680
674 682 au673 avant au681
674 732 au673 avant au731
674 857 au673 avant au856
675 754 au674 avant au753
677 685 au676 avant au684
678 725 au677 avant au724
678 737 au677 avant au736
679 686 au678 avant au685
679 691 au678 avant au690
679 725 au678 avant au724
679 754 au678 avant au753
680 681 au679 avant au680
680 729 au679 avant au728
680 833 au679 avant au832
681 977 au680 avant au976
682 855 au681 avant au854
683 734 au682 avant au733
684 687 au683 avant au686
684 688 au683 avant au687
684 689 au683 avant au688
684 692 au683 avant au691
685 690 au684 avant au689
685 691 au684 avant au690
685 729 au684 avant au728
686 693 au685 avant au692
686 694 au685 avant au693
687 695 au686 avant au694
688 696 au687 avant au695
689 734 au688 avant au733
690 896 au689 avant au895
691 697 au690 avant au696
691 701 au690 avant au700
692 756 au691 avant au755
692 757 au691 avant au756
693 698 au692 avant au697
693 699 au692 avant au698
694 700 au693 avant au699
695 702 au694 avant au701
695 703 au694 avant au702
695 704 au694 avant au703
695 705 au694 avant au704
695 706 au694 avant au705
695 707 au694 avant au706
695 708 au694 avant au707
695 709 au694 avant au708
695 710 au694 avant au709
695 721 au694 avant au720
696 711 au695 avant au710
696 712 au695 avant au711
696 713 au695 avant au712
696 714 au695 avant au713
696 715 au695 avant au714
696 716 au695 avant au715
696 717 au695 avant au716
696 718 au695 avant au717
696 719 au695 avant au718
697 792 au696 avant au791
698 720 au697 avant au719
698 737 au697 avant au736
699 720 au698 avant au719
701 833 au700 avant au832
702 727 au701 avant au726
702 791 au701 avant au790
703 787 au702 avant au786
704 967 au703 avant au966
705 796 au704 avant au795
706 760 au705 avant au759
707 845 au706 avant au844
708 724 au707 avant au723
708 726 au707 avant au725
709 728 au708 avant au727
710 725 au709 avant au724
711 941 au710 avant au940
712 790 au711 avant au789
712 813 au711 avant au812
713 805 au712 avant au804
713 941 au712 avant au940
714 729 au713 avant au728
714 760 au713 avant au759
716 722 au715 avant au721
716 723 au715 avant au722
716 728 au715 avant au727
718 900 au717 avant au899
719 729 au718 avant au728
721 736 au720 avant au735
721 763 au720 avant au762
722 797 au721 avant au796
723 730 au722 avant au729
724 730 au723 avant au729
725 734 au724 avant au733
726 735 au725 avant au734
726 736 au725 avant au735
726 738 au725 avant au737
726 825 au725 avant au824
727 730 au726 avant au729
727 731 au726 avant au730
727 732 au726 avant au731
727 740 au726 avant au739
728 733 au727 avant au732
728 739 au727 avant au738
728 759 au727 avant au758
729 732 au728 avant au731
729 737 au728 avant au736
729 798 au728 avant au797
730 741 au729 avant au740
730 742 au729 avant au741
730 743 au729 avant au742
730 744 au729 avant au743
730 752 au729 avant au751
731 860 au730 avant au859
732 940 au731 avant au939
733 855 au732 avant au854
734 746 au733 avant au745
734 747 au733 avant au746
734 748 au733 avant au747
734 749 au733 avant au748
734 750 au733 avant au749
734 753 au733 avant au752
735 896 au734 avant au895
736 829 au735 avant au828
737 745 au736 avant au744
737 751 au736 avant au750
738 751 au737 avant au750
738 779 au737 avant au778
739 755 au738 avant au754
740 754 au739 avant au753
741 760 au740 avant au759
742 757 au741 avant au756
742 759 au741 avant au758
743 970 au742 avant au969
744 870 au743 avant au869
745 756 au744 avant au755
746 761 au745 avant au760
746 846 au745 avant au845
747 756 au746 avant au755
748 758 au747 avant au757
750 815 au749 avant au814
750 817 au749 avant au816
753 762 au752 avant au761
753 763 au752 avant au762
753 826 au752 avant au825
754 760 au753 avant au759
754 830 au753 avant au829
755 882 au754 avant au881
756 764 au755 avant au763
756 765 au755 avant au764
756 766 au755 avant au765
756 767 au755 avant au766
756 768 au755 avant au767
756 769 au755 avant au768
756 770 au755 avant au769
756 779 au755 avant au778
756 840 au755 avant au839
757 940 au756 avant au939
758 957 au757 avant au956
759 772 au758 avant au771
760 773 au759 avant au772
760 774 au759 avant au773
760 775 au759 avant au774
760 776 au759 avant au775
760 777 au759 avant au776
760 778 au759 avant au777
760 839 au759 avant au838
761 834 au760 avant au833
761 924 au760 avant au923
761 925 au760 avant au924
762 958 au761 avant au957
763 771 au762 avant au770
764 782 au763 avant au781
765 781 au764 avant au780
767 931 au766 avant au930
767 1000 au766 avant au999
769 832 au768 avant au831
771 884 au770 avant au883
772 783 au771 avant au782
772 784 au771 avant au783
772 785 au771 avant au784
772 786 au771 avant au785
773 888 au772 avant au887
774 895 au773 avant au894
775 942 au774 avant au941
776 789 au775 avant au788
776 836 au775 avant au835
777 787 au776 avant au786
779 780 au778 avant au779
779 788 au778 avant au787
780 903 au779 avant au902
781 843 au780 avant au842
782 843 au781 avant au842
783 790 au782 avant au789
784 795 au783 avant au794
784 837 au783 avant au836
785 793 au784 avant au792
785 794 au784 avant au793
785 796 au784 avant au795
786 967 au785 avant au966
787 792 au786 avant au791
788 791 au787 avant au790
790 797 au789 avant au796
791 843 au790 avant au842
792 800 au791 avant au799
792 801 au791 avant au800
792 802 au791 avant au801
792 803 au791 avant au802
792 804 au791 avant au803
793 969 au792 avant au968
794 798 au793 avant au797
794 805 au793 avant au804
796 799 au795 avant au798
796 806 au795 avant au805
796 867 au795 avant au866
797 807 au796 avant au806
797 808 au796 avant au807
797 809 au796 avant au808
797 810 au796 avant au809
797 811 au796 avant au810
797 812 au796 avant au811
798 903 au797 avant au902
799 940 au798 avant au939
800 816 au799 avant au815
801 814 au800 avant au813
802 817 au801 avant au816
803 998 au802 avant au997
804 815 au803 avant au814
805 813 au804 avant au812
806 824 au805 avant au823
806 883 au805 avant au882
809 818 au808 avant au817
809 822 au808 avant au821
809 828 au808 avant au827
810 821 au809 avant au820
810 837 au809 avant au836
811 820 au810 avant au819
812 818 au811 avant au817
813 896 au812 avant au895
814 826 au813 avant au825
816 819 au815 avant au818
816 824 au815 avant au823
817 837 au816 avant au836
818 825 au817 avant au824
818 826 au817 avant au825
818 829 au817 avant au828
819 823 au818 avant au822
820 828 au819 avant au827
820 830 au819 avant au829
821 824 au820 avant au823
821 883 au820 avant au882
822 827 au821 avant au826
823 843 au822 avant au842
825 832 au824 avant au831
825 834 au824 avant au833
827 831 au826 avant au830
828 837 au827 avant au836
828 847 au827 avant au846
829 833 au828 avant au832
829 872 au828 avant au871
829 886 au828 avant au885
831 940 au830 avant au939
832 836 au831 avant au835
832 841 au831 avant au840
833 835 au832 avant au834
833 837 au832 avant au836
833 838 au832 avant au837
833 839 au832 avant au838
833 840 au832 avant au839
834 842 au833 avant au841
835 940 au834 avant au939
836 843 au835 avant au842
837 844 au836 avant au843
837 846 au836 avant au845
838 957 au837 avant au956
839 882 au838 avant au881
841 845 au840 avant au844
841 882 au840 avant au881
841 924 au840 avant au923
842 870 au841 avant au869
843 847 au842 avant au846
843 848 au842 avant au847
843 850 au842 avant au849
843 851 au842 avant au850
843 852 au842 avant au851
843 853 au842 avant au852
843 854 au842 avant au853
843 857 au842 avant au856
843 858 au842 avant au857
844 855 au843 avant au854
845 855 au844 avant au854
846 849 au845 avant au848
846 856 au845 avant au855
846 859 au845 avant au858
847 860 au846 avant au859
848 903 au847 avant au902
849 940 au848 avant au939
850 973 au849 avant au972
851 861 au850 avant au860
851 867 au850 avant au866
853 970 au852 avant au969
854 872 au853 avant au871
855 862 au854 avant au861
855 863 au854 avant au862
855 864 au854 avant au863
855 865 au854 avant au864
855 866 au854 avant au865
855 897 au854 avant au896
857 868 au856 avant au867
857 869 au856 avant au868
857 870 au856 avant au869
858 871 au857 avant au870
859 887 au858 avant au886
860 873 au859 avant au872
860 874 au859 avant au873
860 875 au859 avant au874
860 876 au859 avant au875
860 877 au859 avant au876
860 878 au859 avant au877
860 879 au859 avant au878
860 880 au859 avant au879
860 881 au859 avant au880
861 903 au860 avant au902
864 895 au863 avant au894
865 883 au864 avant au882
870 882 au869 avant au881
873 884 au872 avant au883
874 885 au873 avant au884
874 888 au873 avant au887
874 972 au873 avant au971
878 887 au877 avant au886
879 886 au878 avant au885
882 884 au881 avant au883
884 889 au883 avant au888
884 890 au883 avant au889
884 891 au883 avant au890
884 892 au883 avant au891
884 893 au883 avant au892
884 894 au883 avant au893
884 895 au883 avant au894
884 897 au883 avant au896
884 898 au883 avant au897
884 899 au883 avant au898
884 901 au883 avant au900
885 896 au884 avant au895
886 896 au885 avant au895
887 900 au886 avant au899
887 902 au886 avant au901
887 957 au886 avant au956
890 914 au889 avant au913
892 913 au891 avant au912
895 903 au894 avant au902
896 904 au895 avant au903
896 905 au895 avant au904
896 906 au895 avant au905
896 907 au895 avant au906
896 908 au895 avant au907
896 909 au895 avant au908
896 910 au895 avant au909
896 911 au895 avant au910
896 912 au895 avant au911
898 913 au897 avant au912
899 941 au898 avant au940
903 915 au902 avant au914
903 916 au902 avant au915
903 917 au902 avant au916
903 918 au902 avant au917
903 919 au902 avant au918
903 920 au902 avant au919
903 921 au902 avant au920
903 922 au902 avant au921
903 923 au902 avant au922
904 924 au903 avant au923
906 928 au905 avant au927
908 960 au907 avant au959
911 960 au910 avant au959
912 925 au911 avant au924
915 926 au914 avant au925
916 928 au915 avant au927
917 931 au916 avant au930
918 927 au917 avant au926
918 929 au917 avant au928
919 930 au918 avant au929
921 932 au920 avant au931
923 930 au922 avant au929
924 931 au923 avant au930
924 999 au923 avant au998
926 933 au925 avant au932
926 934 au925 avant au933
926 935 au925 avant au934
926 936 au925 avant au935
926 937 au925 avant au936
926 938 au925 avant au937
926 939 au925 avant au938
927 940 au926 avant au939
928 957 au927 avant au956
929 944 au928 avant au943
929 945 au928 avant au944
930 941 au929 avant au940
930 943 au929 avant au942
931 942 au930 avant au941
931 968 au930 avant au967
935 959 au934 avant au958
938 975 au937 avant au974
939 999 au938 avant au998
940 946 au939 avant au945
940 947 au939 avant au946
940 948 au939 avant au947
940 949 au939 avant au948
940 950 au939 avant au949
940 951 au939 avant au950
940 952 au939 avant au951
940 953 au939 avant au952
940 954 au939 avant au953
940 955 au939 avant au954
940 956 au939 avant au955
941 957 au940 avant au956
943 960 au942 avant au959
943 974 au942 avant au973
945 958 au944 avant au957
947 971 au946 avant au970
949 976 au948 avant au975
953 969 au952 avant au968
955 970 au954 avant au969
956 968 au955 avant au967
956 998 au955 avant au997
957 961 au956 avant au960
957 962 au956 avant au961
957 963 au956 avant au962
957 964 au956 avant au963
957 965 au956 avant au964
957 966 au956 avant au965
958 967 au957 avant au966
963 973 au962 avant au972
963 975 au962 avant au974
967 975 au966 avant au974
970 972 au969 avant au971
970 974 au969 avant au973
970 976 au969 avant au975
972 977 au971 avant au976
973 978 au972 avant au977
976 979 au975 avant au978
977 980 au976 avant au979
977 981 au976 avant au980
977 982 au976 avant au981
977 983 au976 avant au982
977 984 au976 avant au983
977 985 au976 avant au984
977 986 au976 avant au985
977 987 au976 avant au986
977 988 au976 avant au987
977 989 au976 avant au988
977 990 au976 avant au989
977 991 au976 avant au990
977 992 au976 avant au991
977 993 au976 avant au992
977 994 au976 avant au993
977 995 au976 avant au994
977 996 au976 avant au995
977 997 au976 avant au996
977 1000 au976 avant au999
978 998 au977 avant au997
979 999 au978 avant au998
