# Components (V)
1 2 3 4 5 6 7 8 9 10 11 12 13 14 15 16 17 18 19 20

# Precedence arcs (E)
1 4
2 4
3 4
4 5
4 6
4 7
5 8
6 9
7 10
7 11
8 12
9 13
10 14
11 15
11 16
12 18
13 17
14 18
15 19
15 20

# Target components (T)
19 17 16

# Revenues (r)
1 27
2 23
3 24
4 28
5 21
6 26
7 22
8 22
9 29
10 22
11 27
12 30
13 30
14 24
15 25
16 26
17 30
18 25
19 29
20 25

# Costs (c)
1 1
2 7
3 3
4 2
5 2
6 8
7 7
8 5
9 3
10 3
11 7
12 6
13 5
14 10
15 3
16 10
17 10
18 1
19 10
20 1

# Durations (p)
1 187
2 248
3 58
4 26
5 308
6 104
7 132
8 214
9 97
10 162
11 84
12 119
13 174
14 288
15 35
16 280
17 228
18 107
19 27
20 64

orderrules
1 4 au000 avant au003
2 4 au001 avant au003
3 4 au002 avant au003
4 5 au003 avant au004
4 6 au003 avant au005
4 7 au003 avant au006
5 8 au004 avant au007
6 9 au005 avant au008
7 10 au006 avant au009
7 11 au006 avant au010
8 12 au007 avant au011
9 13 au008 avant au012
10 14 au009 avant au013
11 15 au010 avant au014
11 16 au010 avant au015
12 18 au011 avant au017
13 17 au012 avant au016
14 18 au013 avant au017
15 19 au014 avant au018
15 20 au014 avant au019
