# Components (V)
1 2 3 4 5 6 7 8 9 10 11 12 13 14 15 16 17 18 19 20

# Precedence arcs (E)
1 14
2 3
2 4
2 5
3 8
3 9
4 6
4 7
5 7
5 9
6 13
7 12
8 10
8 11
8 12
9 14
10 14
11 14
12 14
13 15
13 16
14 17
14 18
14 19
14 20

# Target components (T)
16 15

# Revenues (r)
1 29
2 27
3 30
4 29
5 26
6 23
7 23
8 26
9 23
10 26
11 24
12 27
13 21
14 25
15 25
16 25
17 27
18 24
19 25
20 27

# Costs (c)
1 1
2 1
3 9
4 2
5 4
6 9
7 5
8 1
9 2
10 6
11 8
12 5
13 2
14 4
15 1
16 7
17 8
18 5
19 2
20 10

# Durations (p)
1 649
2 513
3 608
4 486
5 305
6 576
7 531
8 520
9 459
10 401
11 333
12 500
13 534
14 570
15 461
16 337
17 559
18 381
19 421
20 642

orderrules
1 14 au000 avant au013
2 3 au001 avant au002
2 4 au001 avant au003
2 5 au001 avant au004
3 8 au002 avant au007
3 9 au002 avant au008
4 6 au003 avant au005
4 7 au003 avant au006
5 7 au004 avant au006
5 9 au004 avant au008
6 13 au005 avant au012
7 12 au006 avant au011
8 10 au007 avant au009
8 11 au007 avant au010
8 12 au007 avant au011
9 14 au008 avant au013
10 14 au009 avant au013
11 14 au010 avant au013
12 14 au011 avant au013
13 15 au012 avant au014
13 16 au012 avant au015
14 17 au013 avant au016
14 18 au013 avant au017
14 19 au013 avant au018
14 20 au013 avant au019
