# Components (V)
1 2 3 4 5 6 7 8 9 10 11 12 13 14 15 16 17 18 19 20 21 22 23 24 25 26 27 28 29 30 31 32 33 34 35 36 37 38 39 40 41 42 43 44 45 46 47 48 49 50 51 52 53 54 55 56 57 58 59 60 61 62 63 64 65 66 67 68 69 70 71 72 73 74 75 76 77 78 79 80 81 82 83 84 85 86 87 88 89 90 91 92 93 94 95 96 97 98 99 100 101 102 103 104 105 106 107 108 109 110 111 112 113 114 115 116 117 118 119 120 121 122 123 124 125 126 127 128 129 130 131 132 133 134 135 136 137 138 139 140 141 142 143 144 145 146 147 148 149 150 151 152 153 154 155 156 157 158 159 160 161 162 163 164 165 166 167 168 169 170 171 172 173 174 175 176 177 178 179 180 181 182 183 184 185 186 187 188 189 190 191 192 193 194 195 196 197 198 199 200 201 202 203 204 205 206 207 208 209 210 211 212 213 214 215 216 217 218 219 220 221 222 223 224 225 226 227 228 229 230 231 232 233 234 235 236 237 238 239 240 241 242 243 244 245 246 247 248 249 250 251 252 253 254 255 256 257 258 259 260 261 262 263 264 265 266 267 268 269 270 271 272 273 274 275 276 277 278 279 280 281 282 283 284 285 286 287 288 289 290 291 292 293 294 295 296 297 298 299 300 301 302 303 304 305 306 307 308 309 310 311 312 313 314 315 316 317 318 319 320 321 322 323 324 325 326 327 328 329 330 331 332 333 334 335 336 337 338 339 340 341 342 343 344 345 346 347 348 349 350 351 352 353 354 355 356 357 358 359 360 361 362 363 364 365 366 367 368 369 370 371 372 373 374 375 376 377 378 379 380 381 382 383 384 385 386 387 388 389 390 391 392 393 394 395 396 397 398 399 400 401 402 403 404 405 406 407 408 409 410 411 412 413 414 415 416 417 418 419 420 421 422 423 424 425 426 427 428 429 430 431 432 433 434 435 436 437 438 439 440 441 442 443 444 445 446 447 448 449 450 451 452 453 454 455 456 457 458 459 460 461 462 463 464 465 466 467 468 469 470 471 472 473 474 475 476 477 478 479 480 481 482 483 484 485 486 487 488 489 490 491 492 493 494 495 496 497 498 499 500 501 502 503 504 505 506 507 508 509 510 511 512 513 514 515 516 517 518 519 520 521 522 523 524 525 526 527 528 529 530 531 532 533 534 535 536 537 538 539 540 541 542 543 544 545 546 547 548 549 550 551 552 553 554 555 556 557 558 559 560 561 562 563 564 565 566 567 568 569 570 571 572 573 574 575 576 577 578 579 580 581 582 583 584 585 586 587 588 589 590 591 592 593 594 595 596 597 598 599 600 601 602 603 604 605 606 607 608 609 610 611 612 613 614 615 616 617 618 619 620 621 622 623 624 625 626 627 628 629 630 631 632 633 634 635 636 637 638 639 640 641 642 643 644 645 646 647 648 649 650 651 652 653 654 655 656 657 658 659 660 661 662 663 664 665 666 667 668 669 670 671 672 673 674 675 676 677 678 679 680 681 682 683 684 685 686 687 688 689 690 691 692 693 694 695 696 697 698 699 700 701 702 703 704 705 706 707 708 709 710 711 712 713 714 715 716 717 718 719 720 721 722 723 724 725 726 727 728 729 730 731 732 733 734 735 736 737 738 739

# Precedence arcs (E)
1 153
2 153
3 153
4 226
5 63
6 63
7 257
8 308
9 158
11 24
11 27
11 34
12 30
13 39
14 40
15 33
17 25
17 32
18 36
18 38
19 23
19 26
20 31
20 35
20 37
21 28
22 29
23 153
24 226
25 63
26 63
27 63
28 63
29 257
30 158
31 52
32 45
32 60
33 42
33 49
33 53
33 54
33 99
34 41
34 51
34 59
35 57
36 43
37 46
37 48
37 56
38 47
38 50
38 58
39 44
39 55
40 580
41 226
42 226
43 63
44 257
45 631
46 62
47 61
47 65
47 76
49 69
53 66
53 74
54 73
55 71
56 67
57 72
59 68
59 70
59 240
60 64
60 75
61 153
62 153
63 78
63 79
63 80
63 81
63 82
63 83
64 158
65 158
67 90
68 88
68 92
68 95
68 96
69 91
70 86
70 98
71 84
71 93
71 94
72 87
72 97
73 85
75 77
76 89
77 153
78 101
78 109
80 111
81 112
81 116
81 320
85 102
86 117
87 103
89 115
89 162
90 104
90 105
90 106
92 113
94 100
94 110
94 114
97 107
98 99
98 108
99 153
100 436
101 158
102 551
103 128
103 129
104 124
104 125
106 120
106 127
109 119
109 131
110 118
111 121
111 130
112 122
114 379
115 123
115 422
117 126
118 153
119 226
120 458
121 158
122 141
122 143
123 133
123 138
123 142
123 145
124 151
125 134
125 150
126 132
126 136
126 139
126 152
127 148
127 149
129 137
129 147
130 146
131 135
131 140
131 144
132 153
133 226
135 630
136 308
137 158
138 158
139 168
141 155
141 161
144 154
144 164
145 156
145 159
146 163
147 162
147 166
148 160
149 157
151 167
152 165
153 169
153 170
153 171
153 172
153 173
153 174
153 187
154 226
155 630
156 436
157 436
158 175
158 176
158 177
158 178
158 179
158 180
158 186
159 181
161 390
162 184
162 185
163 182
163 183
167 188
169 191
169 193
169 201
172 199
172 208
172 209
174 197
174 557
177 401
178 200
179 206
179 207
181 189
181 194
181 302
182 190
183 196
184 192
185 195
186 527
187 198
187 202
187 203
188 204
188 205
189 226
190 308
191 631
192 631
193 614
197 220
197 223
198 210
200 215
201 213
201 219
202 217
202 221
203 225
204 224
205 216
205 222
206 212
207 214
209 211
209 218
210 226
211 308
212 436
213 230
213 231
213 232
213 238
213 247
213 521
216 240
216 243
217 242
218 244
219 227
220 234
220 236
222 229
222 233
222 235
222 237
222 239
222 241
223 246
223 248
225 228
225 245
225 337
226 249
226 250
226 251
226 252
226 253
226 254
226 255
226 256
226 386
227 257
228 728
229 631
230 261
230 267
231 258
233 270
234 263
234 269
239 262
239 265
240 259
241 266
242 264
243 271
245 629
246 458
248 260
248 268
251 282
252 278
252 284
254 279
255 283
257 272
257 273
257 274
257 275
257 276
257 285
258 458
259 287
264 288
265 286
265 583
266 280
267 361
269 281
269 289
269 400
270 277
271 319
272 436
273 458
274 294
274 299
275 290
275 291
278 301
279 511
280 296
280 305
281 300
282 293
282 295
285 297
286 302
287 292
288 303
288 306
289 298
289 304
290 308
291 458
292 631
293 319
295 310
296 313
297 311
297 322
298 309
298 314
298 318
301 312
301 321
301 460
302 315
303 645
304 320
305 316
305 317
306 307
308 324
308 325
308 326
308 327
308 328
309 332
309 338
311 323
311 330
312 331
312 336
313 333
314 329
316 339
316 341
321 568
322 334
322 335
322 337
322 340
325 352
326 346
327 342
328 347
329 458
330 344
331 348
333 343
333 351
333 357
334 349
335 353
339 345
339 355
339 356
340 350
341 354
342 458
343 358
345 366
345 372
345 374
346 377
350 360
350 363
350 367
350 369
350 370
350 375
351 364
353 359
353 715
354 365
354 376
355 371
355 373
356 361
357 362
357 368
359 614
360 386
360 390
362 380
362 383
362 391
363 379
364 378
364 393
368 382
368 384
368 385
370 387
370 389
372 687
373 396
374 381
374 392
374 394
375 395
376 388
378 630
379 549
380 402
381 414
382 408
383 399
385 412
386 397
386 413
387 410
388 406
389 400
389 411
391 398
391 404
391 405
391 409
394 401
396 403
396 407
397 728
399 423
401 421
402 417
402 420
402 430
403 415
404 428
405 419
406 427
406 434
407 425
407 431
407 433
408 418
408 643
410 432
413 426
413 429
414 416
414 422
414 424
416 630
417 436
418 436
419 614
420 441
420 443
422 442
425 438
426 446
427 448
427 452
427 453
428 444
428 450
429 439
429 447
429 451
432 435
432 440
433 437
433 445
433 449
436 454
436 455
436 456
436 457
437 458
439 462
439 470
440 465
440 704
441 460
442 464
442 466
442 469
443 472
444 463
447 459
449 468
450 461
453 467
453 471
456 493
457 485
458 474
458 475
458 476
458 477
458 478
458 479
458 480
458 481
458 486
458 492
461 494
463 482
464 483
464 489
466 490
466 495
467 488
468 484
469 487
470 473
471 491
471 605
473 549
474 498
474 503
475 504
476 502
477 505
478 501
479 496
479 506
480 511
483 500
486 507
489 499
490 512
492 510
495 497
495 508
495 509
496 549
500 521
500 527
501 599
502 522
507 516
507 518
507 520
507 525
507 526
508 523
509 514
509 517
510 519
511 513
511 524
512 515
513 630
514 534
515 536
515 542
515 543
516 528
517 538
518 529
518 531
518 548
519 547
520 541
521 532
521 533
522 530
522 537
522 540
523 546
524 544
525 535
526 539
526 545
528 549
529 549
530 614
531 550
531 563
532 555
532 557
532 560
533 559
535 562
536 552
536 558
536 566
536 629
537 554
537 561
540 556
542 567
543 564
544 568
545 551
545 553
548 565
549 569
549 570
549 571
549 572
549 573
549 574
549 575
549 576
549 577
549 588
550 590
552 578
553 580
553 584
553 587
554 581
556 588
558 582
559 586
561 583
561 585
562 589
565 591
566 579
569 598
570 592
571 593
572 600
574 602
574 606
576 595
577 604
579 601
582 607
583 599
583 603
583 610
585 605
586 594
586 608
586 609
588 596
590 597
592 614
593 614
594 611
594 615
595 622
598 625
598 678
599 619
600 612
601 613
603 623
603 626
603 627
603 709
604 629
605 621
605 628
607 617
608 620
608 624
610 616
610 618
611 630
612 728
613 631
614 632
614 633
614 634
614 635
614 636
614 637
615 652
616 647
617 641
617 653
619 639
619 644
619 648
619 650
620 646
621 638
622 642
622 643
624 645
625 640
628 649
629 651
630 656
630 657
630 658
630 659
630 660
630 661
630 662
630 663
630 664
630 665
630 666
630 667
630 668
630 669
630 686
631 670
631 671
631 672
631 673
631 674
631 675
631 676
631 677
633 655
640 654
640 679
640 684
641 681
641 685
642 687
644 678
644 682
646 683
649 680
650 688
657 698
657 704
658 693
659 689
661 707
667 706
669 694
669 701
670 691
671 705
674 692
674 696
674 697
677 695
677 702
683 700
683 703
684 699
685 690
690 728
691 720
691 723
692 715
695 710
695 713
696 716
697 721
698 724
699 714
699 718
700 719
700 726
701 725
703 711
704 717
705 708
705 712
705 722
707 709
708 728
710 729
714 727
715 730
715 733
715 739
716 735
716 737
722 731
723 732
723 736
723 738
726 734

# Target components (T)
113 539 639

# Revenues (r)
1 29
2 29
3 20
4 29
5 27
6 30
7 29
8 28
9 29
10 22
11 20
12 30
13 30
14 27
15 26
16 22
17 22
18 27
19 20
20 21
21 29
22 20
23 28
24 27
25 23
26 28
27 26
28 30
29 26
30 24
31 23
32 21
33 29
34 28
35 30
36 23
37 20
38 23
39 23
40 30
41 27
42 23
43 23
44 27
45 23
46 28
47 20
48 29
49 29
50 25
51 21
52 22
53 21
54 27
55 25
56 21
57 22
58 24
59 22
60 22
61 25
62 23
63 29
64 30
65 24
66 25
67 28
68 25
69 20
70 20
71 20
72 22
73 24
74 20
75 30
76 26
77 24
78 27
79 21
80 28
81 26
82 29
83 21
84 22
85 23
86 24
87 26
88 24
89 24
90 27
91 25
92 24
93 22
94 25
95 20
96 30
97 23
98 27
99 29
100 30
101 25
102 25
103 27
104 30
105 20
106 21
107 27
108 27
109 24
110 30
111 27
112 25
113 29
114 28
115 22
116 24
117 24
118 30
119 21
120 25
121 21
122 20
123 22
124 30
125 29
126 22
127 28
128 29
129 27
130 22
131 20
132 21
133 28
134 25
135 22
136 21
137 28
138 27
139 25
140 30
141 30
142 22
143 24
144 22
145 28
146 23
147 20
148 29
149 30
150 27
151 24
152 26
153 29
154 27
155 20
156 23
157 25
158 25
159 23
160 26
161 20
162 23
163 29
164 30
165 23
166 21
167 21
168 29
169 20
170 21
171 20
172 21
173 23
174 26
175 29
176 26
177 29
178 25
179 27
180 28
181 20
182 27
183 29
184 27
185 22
186 30
187 24
188 30
189 30
190 27
191 26
192 28
193 27
194 27
195 27
196 24
197 30
198 20
199 24
200 24
201 22
202 26
203 25
204 25
205 26
206 30
207 24
208 24
209 30
210 29
211 20
212 27
213 26
214 28
215 28
216 25
217 24
218 23
219 29
220 20
221 25
222 29
223 20
224 22
225 27
226 25
227 28
228 20
229 30
230 25
231 27
232 20
233 24
234 29
235 21
236 27
237 25
238 25
239 22
240 30
241 25
242 20
243 22
244 26
245 29
246 30
247 29
248 29
249 27
250 23
251 26
252 29
253 26
254 29
255 24
256 27
257 28
258 24
259 30
260 20
261 29
262 26
263 25
264 23
265 30
266 20
267 28
268 26
269 23
270 21
271 26
272 30
273 29
274 28
275 28
276 29
277 26
278 28
279 30
280 21
281 30
282 23
283 28
284 26
285 21
286 22
287 28
288 23
289 27
290 29
291 30
292 20
293 21
294 26
295 20
296 29
297 28
298 22
299 24
300 24
301 25
302 21
303 27
304 27
305 21
306 27
307 30
308 23
309 24
310 28
311 26
312 20
313 25
314 25
315 20
316 27
317 21
318 24
319 24
320 23
321 22
322 23
323 27
324 20
325 22
326 21
327 20
328 29
329 23
330 27
331 26
332 20
333 25
334 24
335 20
336 22
337 29
338 20
339 23
340 23
341 21
342 21
343 28
344 21
345 28
346 27
347 29
348 23
349 21
350 20
351 23
352 21
353 21
354 24
355 24
356 21
357 28
358 22
359 22
360 26
361 20
362 21
363 26
364 28
365 28
366 25
367 20
368 23
369 24
370 25
371 28
372 21
373 22
374 28
375 22
376 25
377 24
378 28
379 22
380 25
381 29
382 28
383 22
384 27
385 24
386 29
387 24
388 20
389 28
390 28
391 21
392 28
393 28
394 26
395 25
396 23
397 28
398 24
399 26
400 21
401 21
402 22
403 28
404 30
405 29
406 28
407 23
408 27
409 23
410 28
411 23
412 26
413 22
414 30
415 23
416 23
417 23
418 26
419 27
420 30
421 21
422 24
423 28
424 25
425 24
426 27
427 30
428 22
429 27
430 27
431 29
432 20
433 28
434 20
435 24
436 20
437 23
438 30
439 20
440 28
441 25
442 25
443 20
444 21
445 27
446 22
447 25
448 22
449 23
450 30
451 22
452 26
453 22
454 21
455 25
456 28
457 23
458 26
459 24
460 22
461 22
462 28
463 30
464 28
465 29
466 21
467 25
468 28
469 26
470 24
471 29
472 29
473 23
474 20
475 23
476 26
477 21
478 26
479 30
480 26
481 29
482 22
483 26
484 26
485 30
486 29
487 20
488 25
489 23
490 25
491 29
492 20
493 20
494 20
495 23
496 21
497 29
498 24
499 27
500 22
501 23
502 25
503 21
504 22
505 24
506 28
507 25
508 21
509 22
510 25
511 28
512 28
513 24
514 25
515 28
516 21
517 22
518 21
519 25
520 27
521 30
522 22
523 23
524 26
525 21
526 26
527 20
528 22
529 27
530 20
531 27
532 26
533 21
534 26
535 24
536 26
537 20
538 20
539 20
540 26
541 27
542 22
543 25
544 29
545 24
546 24
547 29
548 24
549 26
550 22
551 28
552 26
553 27
554 25
555 27
556 26
557 24
558 28
559 26
560 26
561 20
562 27
563 30
564 23
565 27
566 21
567 29
568 24
569 29
570 25
571 20
572 23
573 22
574 28
575 27
576 22
577 27
578 27
579 22
580 21
581 25
582 24
583 26
584 29
585 24
586 26
587 26
588 20
589 20
590 28
591 27
592 23
593 27
594 29
595 23
596 23
597 26
598 20
599 30
600 28
601 26
602 30
603 23
604 23
605 25
606 29
607 28
608 23
609 24
610 24
611 20
612 22
613 29
614 27
615 22
616 30
617 29
618 26
619 22
620 26
621 23
622 30
623 27
624 25
625 20
626 27
627 25
628 26
629 28
630 28
631 25
632 25
633 29
634 20
635 30
636 26
637 29
638 29
639 22
640 24
641 24
642 22
643 28
644 27
645 20
646 24
647 25
648 28
649 22
650 30
651 23
652 22
653 30
654 26
655 20
656 23
657 30
658 22
659 22
660 30
661 26
662 20
663 25
664 30
665 23
666 27
667 26
668 28
669 28
670 30
671 30
672 27
673 21
674 26
675 25
676 26
677 29
678 26
679 22
680 30
681 27
682 26
683 26
684 27
685 25
686 27
687 20
688 29
689 20
690 24
691 27
692 30
693 23
694 20
695 20
696 23
697 26
698 28
699 29
700 24
701 26
702 28
703 25
704 23
705 30
706 24
707 25
708 25
709 25
710 26
711 26
712 26
713 25
714 29
715 27
716 27
717 26
718 30
719 22
720 26
721 25
722 27
723 25
724 26
725 27
726 25
727 21
728 24
729 28
730 26
731 30
732 23
733 28
734 23
735 30
736 28
737 24
738 22
739 28

# Costs (c)
1 9
2 9
3 10
4 3
5 8
6 3
7 10
8 3
9 5
10 9
11 1
12 6
13 9
14 3
15 1
16 1
17 10
18 6
19 5
20 8
21 1
22 5
23 9
24 2
25 10
26 6
27 7
28 1
29 6
30 2
31 10
32 10
33 1
34 6
35 8
36 7
37 4
38 3
39 8
40 3
41 2
42 3
43 8
44 8
45 8
46 10
47 8
48 5
49 4
50 6
51 8
52 9
53 5
54 6
55 3
56 1
57 7
58 2
59 2
60 9
61 9
62 4
63 4
64 10
65 10
66 8
67 10
68 10
69 1
70 6
71 3
72 5
73 5
74 6
75 4
76 7
77 9
78 9
79 3
80 3
81 1
82 2
83 9
84 6
85 2
86 5
87 1
88 6
89 1
90 8
91 6
92 3
93 1
94 3
95 1
96 2
97 1
98 8
99 1
100 10
101 7
102 7
103 1
104 4
105 2
106 4
107 3
108 4
109 2
110 1
111 2
112 2
113 7
114 6
115 5
116 2
117 4
118 9
119 2
120 9
121 1
122 8
123 9
124 5
125 10
126 1
127 3
128 5
129 10
130 6
131 7
132 10
133 1
134 8
135 2
136 2
137 9
138 8
139 2
140 9
141 3
142 2
143 10
144 4
145 7
146 3
147 7
148 7
149 10
150 5
151 2
152 1
153 3
154 3
155 5
156 10
157 8
158 6
159 8
160 8
161 5
162 9
163 3
164 5
165 5
166 4
167 6
168 3
169 5
170 6
171 8
172 5
173 2
174 8
175 7
176 8
177 9
178 3
179 9
180 3
181 3
182 2
183 6
184 2
185 8
186 1
187 1
188 4
189 8
190 10
191 10
192 8
193 9
194 9
195 9
196 5
197 10
198 5
199 6
200 4
201 3
202 2
203 7
204 8
205 6
206 4
207 1
208 5
209 3
210 10
211 3
212 1
213 2
214 5
215 6
216 9
217 2
218 3
219 6
220 3
221 8
222 10
223 5
224 8
225 8
226 10
227 5
228 5
229 8
230 5
231 2
232 6
233 7
234 10
235 2
236 6
237 6
238 3
239 10
240 10
241 2
242 10
243 9
244 2
245 10
246 9
247 3
248 8
249 1
250 10
251 7
252 6
253 10
254 8
255 9
256 8
257 4
258 4
259 9
260 10
261 10
262 4
263 3
264 10
265 3
266 7
267 9
268 9
269 8
270 10
271 3
272 5
273 3
274 3
275 1
276 5
277 3
278 8
279 1
280 6
281 8
282 7
283 5
284 10
285 7
286 8
287 5
288 2
289 10
290 6
291 8
292 5
293 3
294 3
295 5
296 6
297 5
298 2
299 1
300 2
301 3
302 6
303 8
304 4
305 7
306 4
307 1
308 8
309 4
310 2
311 4
312 2
313 10
314 7
315 6
316 9
317 3
318 3
319 5
320 5
321 9
322 2
323 3
324 10
325 6
326 9
327 1
328 9
329 7
330 6
331 7
332 9
333 9
334 1
335 2
336 10
337 6
338 3
339 1
340 1
341 3
342 6
343 7
344 5
345 7
346 4
347 6
348 9
349 9
350 2
351 3
352 2
353 2
354 9
355 2
356 3
357 9
358 7
359 10
360 1
361 10
362 3
363 5
364 3
365 6
366 10
367 6
368 3
369 7
370 7
371 1
372 5
373 4
374 6
375 9
376 3
377 1
378 9
379 9
380 7
381 3
382 9
383 8
384 8
385 10
386 7
387 6
388 7
389 2
390 5
391 1
392 8
393 2
394 2
395 3
396 1
397 5
398 7
399 3
400 4
401 4
402 1
403 7
404 8
405 3
406 3
407 10
408 6
409 3
410 10
411 10
412 8
413 8
414 9
415 1
416 7
417 2
418 5
419 10
420 6
421 7
422 7
423 6
424 2
425 10
426 4
427 5
428 3
429 6
430 9
431 6
432 2
433 9
434 4
435 8
436 6
437 4
438 8
439 6
440 5
441 3
442 5
443 5
444 7
445 8
446 7
447 2
448 6
449 10
450 1
451 6
452 8
453 4
454 3
455 4
456 3
457 1
458 1
459 4
460 7
461 8
462 7
463 4
464 8
465 3
466 8
467 5
468 10
469 1
470 3
471 7
472 9
473 9
474 3
475 6
476 1
477 9
478 6
479 7
480 8
481 4
482 7
483 2
484 7
485 5
486 3
487 8
488 3
489 6
490 2
491 3
492 7
493 2
494 3
495 8
496 7
497 1
498 6
499 10
500 7
501 5
502 5
503 9
504 9
505 9
506 7
507 3
508 4
509 10
510 4
511 4
512 1
513 1
514 1
515 4
516 4
517 3
518 3
519 1
520 3
521 5
522 5
523 4
524 6
525 2
526 8
527 1
528 8
529 3
530 10
531 2
532 8
533 3
534 3
535 2
536 9
537 7
538 7
539 3
540 7
541 1
542 5
543 8
544 7
545 10
546 6
547 5
548 1
549 7
550 8
551 1
552 10
553 4
554 9
555 6
556 1
557 7
558 3
559 6
560 1
561 6
562 10
563 3
564 6
565 6
566 3
567 7
568 8
569 7
570 6
571 3
572 9
573 5
574 9
575 9
576 1
577 5
578 10
579 8
580 9
581 6
582 4
583 8
584 8
585 3
586 8
587 1
588 4
589 9
590 3
591 9
592 10
593 10
594 9
595 9
596 5
597 7
598 6
599 1
600 9
601 1
602 7
603 1
604 5
605 1
606 10
607 8
608 4
609 9
610 9
611 6
612 7
613 10
614 10
615 5
616 4
617 4
618 9
619 7
620 3
621 4
622 4
623 9
624 10
625 5
626 8
627 6
628 5
629 4
630 10
631 10
632 2
633 5
634 3
635 6
636 2
637 9
638 10
639 9
640 10
641 2
642 1
643 7
644 8
645 7
646 3
647 7
648 10
649 5
650 4
651 3
652 9
653 1
654 2
655 7
656 3
657 5
658 7
659 10
660 10
661 9
662 7
663 8
664 5
665 6
666 2
667 3
668 8
669 7
670 3
671 2
672 1
673 7
674 3
675 6
676 5
677 7
678 4
679 5
680 9
681 7
682 8
683 8
684 10
685 9
686 5
687 6
688 9
689 6
690 10
691 5
692 6
693 9
694 4
695 5
696 7
697 7
698 4
699 8
700 6
701 9
702 1
703 9
704 4
705 7
706 8
707 3
708 8
709 1
710 8
711 2
712 2
713 3
714 2
715 8
716 5
717 2
718 7
719 7
720 7
721 5
722 1
723 3
724 9
725 2
726 6
727 5
728 9
729 1
730 1
731 2
732 6
733 5
734 5
735 9
736 4
737 9
738 4
739 7

# Durations (p)
1 212
2 173
3 219
4 293
5 211
6 156
7 68
8 197
9 226
10 115
11 52
12 251
13 158
14 22
15 266
16 161
17 149
18 202
19 34
20 54
21 105
22 94
23 29
24 195
25 208
26 270
27 237
28 124
29 279
30 96
31 255
32 159
33 147
34 120
35 131
36 81
37 118
38 26
39 104
40 235
41 158
42 53
43 53
44 89
45 167
46 219
47 146
48 75
49 27
50 144
51 86
52 154
53 228
54 52
55 81
56 55
57 217
58 201
59 66
60 278
61 75
62 151
63 150
64 171
65 180
66 139
67 118
68 56
69 153
70 165
71 92
72 38
73 78
74 66
75 60
76 86
77 85
78 253
79 65
80 25
81 243
82 46
83 118
84 63
85 113
86 131
87 37
88 330
89 217
90 141
91 94
92 101
93 180
94 100
95 252
96 26
97 163
98 82
99 138
100 255
101 95
102 194
103 117
104 124
105 231
106 158
107 51
108 51
109 127
110 46
111 46
112 88
113 188
114 113
115 259
116 55
117 206
118 202
119 195
120 97
121 143
122 104
123 149
124 152
125 138
126 196
127 103
128 200
129 91
130 53
131 190
132 463
133 212
134 75
135 148
136 143
137 33
138 141
139 102
140 67
141 36
142 119
143 72
144 98
145 70
146 28
147 364
148 139
149 228
150 158
151 49
152 205
153 56
154 97
155 255
156 124
157 161
158 25
159 100
160 59
161 182
162 63
163 80
164 44
165 236
166 103
167 31
168 98
169 192
170 33
171 320
172 104
173 22
174 187
175 66
176 116
177 198
178 117
179 66
180 50
181 181
182 230
183 130
184 126
185 159
186 101
187 165
188 66
189 21
190 144
191 64
192 173
193 72
194 167
195 30
196 49
197 91
198 145
199 176
200 268
201 23
202 147
203 296
204 118
205 35
206 176
207 261
208 274
209 232
210 181
211 284
212 119
213 206
214 68
215 180
216 52
217 35
218 243
219 203
220 234
221 28
222 44
223 332
224 185
225 174
226 101
227 86
228 67
229 78
230 151
231 70
232 146
233 38
234 192
235 299
236 45
237 268
238 109
239 142
240 157
241 94
242 51
243 90
244 128
245 157
246 120
247 90
248 231
249 133
250 78
251 125
252 188
253 212
254 24
255 51
256 130
257 48
258 138
259 185
260 236
261 92
262 161
263 133
264 73
265 98
266 44
267 141
268 131
269 81
270 60
271 65
272 153
273 210
274 32
275 108
276 305
277 189
278 107
279 67
280 105
281 208
282 204
283 170
284 62
285 103
286 140
287 78
288 92
289 90
290 54
291 268
292 132
293 30
294 210
295 188
296 69
297 112
298 59
299 282
300 231
301 67
302 81
303 99
304 123
305 267
306 298
307 91
308 104
309 102
310 113
311 40
312 34
313 45
314 109
315 113
316 118
317 259
318 151
319 45
320 261
321 47
322 60
323 32
324 31
325 89
326 215
327 255
328 234
329 173
330 116
331 91
332 78
333 52
334 147
335 131
336 23
337 174
338 164
339 155
340 161
341 127
342 50
343 49
344 50
345 37
346 205
347 151
348 123
349 153
350 174
351 127
352 160
353 61
354 95
355 84
356 156
357 162
358 73
359 186
360 164
361 208
362 106
363 31
364 337
365 230
366 244
367 179
368 130
369 37
370 210
371 316
372 51
373 118
374 127
375 81
376 97
377 122
378 88
379 44
380 56
381 111
382 28
383 288
384 45
385 70
386 32
387 167
388 261
389 74
390 32
391 81
392 113
393 199
394 79
395 165
396 321
397 307
398 146
399 29
400 194
401 232
402 104
403 283
404 140
405 42
406 188
407 150
408 24
409 40
410 141
411 46
412 259
413 98
414 31
415 38
416 145
417 113
418 73
419 196
420 40
421 135
422 35
423 38
424 170
425 132
426 167
427 162
428 46
429 300
430 47
431 31
432 30
433 211
434 168
435 133
436 165
437 104
438 99
439 105
440 215
441 115
442 137
443 150
444 175
445 106
446 117
447 28
448 166
449 74
450 230
451 179
452 146
453 166
454 85
455 264
456 31
457 54
458 185
459 74
460 343
461 260
462 192
463 135
464 130
465 72
466 89
467 228
468 271
469 191
470 121
471 96
472 81
473 58
474 53
475 329
476 66
477 171
478 50
479 61
480 220
481 235
482 159
483 302
484 254
485 107
486 145
487 213
488 146
489 78
490 188
491 129
492 34
493 61
494 98
495 247
496 212
497 81
498 92
499 109
500 152
501 27
502 185
503 250
504 116
505 194
506 61
507 44
508 41
509 49
510 228
511 237
512 42
513 59
514 256
515 129
516 144
517 45
518 219
519 154
520 71
521 155
522 21
523 76
524 62
525 106
526 175
527 257
528 174
529 265
530 155
531 233
532 270
533 286
534 111
535 165
536 49
537 201
538 64
539 80
540 50
541 112
542 188
543 199
544 67
545 149
546 107
547 119
548 55
549 89
550 125
551 111
552 57
553 210
554 53
555 106
556 246
557 24
558 153
559 144
560 153
561 34
562 159
563 167
564 191
565 199
566 62
567 47
568 208
569 190
570 51
571 71
572 240
573 73
574 135
575 137
576 252
577 78
578 120
579 139
580 54
581 194
582 49
583 103
584 93
585 152
586 48
587 216
588 67
589 122
590 99
591 35
592 184
593 140
594 209
595 45
596 42
597 127
598 226
599 172
600 193
601 80
602 123
603 143
604 115
605 130
606 185
607 95
608 251
609 154
610 156
611 186
612 127
613 130
614 124
615 162
616 254
617 170
618 209
619 172
620 175
621 139
622 91
623 24
624 29
625 141
626 76
627 31
628 33
629 171
630 185
631 44
632 60
633 69
634 166
635 70
636 75
637 76
638 115
639 145
640 96
641 227
642 110
643 90
644 127
645 180
646 115
647 185
648 137
649 49
650 33
651 131
652 126
653 167
654 193
655 152
656 195
657 252
658 139
659 144
660 150
661 305
662 127
663 213
664 106
665 168
666 162
667 133
668 155
669 233
670 80
671 79
672 158
673 167
674 90
675 67
676 98
677 264
678 24
679 193
680 308
681 148
682 145
683 63
684 235
685 197
686 33
687 92
688 52
689 110
690 43
691 70
692 174
693 78
694 134
695 321
696 105
697 21
698 34
699 103
700 174
701 70
702 179
703 132
704 48
705 172
706 22
707 92
708 181
709 166
710 200
711 240
712 211
713 217
714 166
715 89
716 169
717 346
718 100
719 223
720 276
721 185
722 31
723 32
724 68
725 167
726 159
727 123
728 153
729 247
730 70
731 37
732 108
733 38
734 25
735 284
736 228
737 276
738 50
739 68

orderrules
1 153 au000 avant au152
2 153 au001 avant au152
3 153 au002 avant au152
4 226 au003 avant au225
5 63 au004 avant au062
6 63 au005 avant au062
7 257 au006 avant au256
8 308 au007 avant au307
9 158 au008 avant au157
11 24 au010 avant au023
11 27 au010 avant au026
11 34 au010 avant au033
12 30 au011 avant au029
13 39 au012 avant au038
14 40 au013 avant au039
15 33 au014 avant au032
17 25 au016 avant au024
17 32 au016 avant au031
18 36 au017 avant au035
18 38 au017 avant au037
19 23 au018 avant au022
19 26 au018 avant au025
20 31 au019 avant au030
20 35 au019 avant au034
20 37 au019 avant au036
21 28 au020 avant au027
22 29 au021 avant au028
23 153 au022 avant au152
24 226 au023 avant au225
25 63 au024 avant au062
26 63 au025 avant au062
27 63 au026 avant au062
28 63 au027 avant au062
29 257 au028 avant au256
30 158 au029 avant au157
31 52 au030 avant au051
32 45 au031 avant au044
32 60 au031 avant au059
33 42 au032 avant au041
33 49 au032 avant au048
33 53 au032 avant au052
33 54 au032 avant au053
33 99 au032 avant au098
34 41 au033 avant au040
34 51 au033 avant au050
34 59 au033 avant au058
35 57 au034 avant au056
36 43 au035 avant au042
37 46 au036 avant au045
37 48 au036 avant au047
37 56 au036 avant au055
38 47 au037 avant au046
38 50 au037 avant au049
38 58 au037 avant au057
39 44 au038 avant au043
39 55 au038 avant au054
40 580 au039 avant au579
41 226 au040 avant au225
42 226 au041 avant au225
43 63 au042 avant au062
44 257 au043 avant au256
45 631 au044 avant au630
46 62 au045 avant au061
47 61 au046 avant au060
47 65 au046 avant au064
47 76 au046 avant au075
49 69 au048 avant au068
53 66 au052 avant au065
53 74 au052 avant au073
54 73 au053 avant au072
55 71 au054 avant au070
56 67 au055 avant au066
57 72 au056 avant au071
59 68 au058 avant au067
59 70 au058 avant au069
59 240 au058 avant au239
60 64 au059 avant au063
60 75 au059 avant au074
61 153 au060 avant au152
62 153 au061 avant au152
63 78 au062 avant au077
63 79 au062 avant au078
63 80 au062 avant au079
63 81 au062 avant au080
63 82 au062 avant au081
63 83 au062 avant au082
64 158 au063 avant au157
65 158 au064 avant au157
67 90 au066 avant au089
68 88 au067 avant au087
68 92 au067 avant au091
68 95 au067 avant au094
68 96 au067 avant au095
69 91 au068 avant au090
70 86 au069 avant au085
70 98 au069 avant au097
71 84 au070 avant au083
71 93 au070 avant au092
71 94 au070 avant au093
72 87 au071 avant au086
72 97 au071 avant au096
73 85 au072 avant au084
75 77 au074 avant au076
76 89 au075 avant au088
77 153 au076 avant au152
78 101 au077 avant au100
78 109 au077 avant au108
80 111 au079 avant au110
81 112 au080 avant au111
81 116 au080 avant au115
81 320 au080 avant au319
85 102 au084 avant au101
86 117 au085 avant au116
87 103 au086 avant au102
89 115 au088 avant au114
89 162 au088 avant au161
90 104 au089 avant au103
90 105 au089 avant au104
90 106 au089 avant au105
92 113 au091 avant au112
94 100 au093 avant au099
94 110 au093 avant au109
94 114 au093 avant au113
97 107 au096 avant au106
98 99 au097 avant au098
98 108 au097 avant au107
99 153 au098 avant au152
100 436 au099 avant au435
101 158 au100 avant au157
102 551 au101 avant au550
103 128 au102 avant au127
103 129 au102 avant au128
104 124 au103 avant au123
104 125 au103 avant au124
106 120 au105 avant au119
106 127 au105 avant au126
109 119 au108 avant au118
109 131 au108 avant au130
110 118 au109 avant au117
111 121 au110 avant au120
111 130 au110 avant au129
112 122 au111 avant au121
114 379 au113 avant au378
115 123 au114 avant au122
115 422 au114 avant au421
117 126 au116 avant au125
118 153 au117 avant au152
119 226 au118 avant au225
120 458 au119 avant au457
121 158 au120 avant au157
122 141 au121 avant au140
122 143 au121 avant au142
123 133 au122 avant au132
123 138 au122 avant au137
123 142 au122 avant au141
123 145 au122 avant au144
124 151 au123 avant au150
125 134 au124 avant au133
125 150 au124 avant au149
126 132 au125 avant au131
126 136 au125 avant au135
126 139 au125 avant au138
126 152 au125 avant au151
127 148 au126 avant au147
127 149 au126 avant au148
129 137 au128 avant au136
129 147 au128 avant au146
130 146 au129 avant au145
131 135 au130 avant au134
131 140 au130 avant au139
131 144 au130 avant au143
132 153 au131 avant au152
133 226 au132 avant au225
135 630 au134 avant au629
136 308 au135 avant au307
137 158 au136 avant au157
138 158 au137 avant au157
139 168 au138 avant au167
141 155 au140 avant au154
141 161 au140 avant au160
144 154 au143 avant au153
144 164 au143 avant au163
145 156 au144 avant au155
145 159 au144 avant au158
146 163 au145 avant au162
147 162 au146 avant au161
147 166 au146 avant au165
148 160 au147 avant au159
149 157 au148 avant au156
151 167 au150 avant au166
152 165 au151 avant au164
153 169 au152 avant au168
153 170 au152 avant au169
153 171 au152 avant au170
153 172 au152 avant au171
153 173 au152 avant au172
153 174 au152 avant au173
153 187 au152 avant au186
154 226 au153 avant au225
155 630 au154 avant au629
156 436 au155 avant au435
157 436 au156 avant au435
158 175 au157 avant au174
158 176 au157 avant au175
158 177 au157 avant au176
158 178 au157 avant au177
158 179 au157 avant au178
158 180 au157 avant au179
158 186 au157 avant au185
159 181 au158 avant au180
161 390 au160 avant au389
162 184 au161 avant au183
162 185 au161 avant au184
163 182 au162 avant au181
163 183 au162 avant au182
167 188 au166 avant au187
169 191 au168 avant au190
169 193 au168 avant au192
169 201 au168 avant au200
172 199 au171 avant au198
172 208 au171 avant au207
172 209 au171 avant au208
174 197 au173 avant au196
174 557 au173 avant au556
177 401 au176 avant au400
178 200 au177 avant au199
179 206 au178 avant au205
179 207 au178 avant au206
181 189 au180 avant au188
181 194 au180 avant au193
181 302 au180 avant au301
182 190 au181 avant au189
183 196 au182 avant au195
184 192 au183 avant au191
185 195 au184 avant au194
186 527 au185 avant au526
187 198 au186 avant au197
187 202 au186 avant au201
187 203 au186 avant au202
188 204 au187 avant au203
188 205 au187 avant au204
189 226 au188 avant au225
190 308 au189 avant au307
191 631 au190 avant au630
192 631 au191 avant au630
193 614 au192 avant au613
197 220 au196 avant au219
197 223 au196 avant au222
198 210 au197 avant au209
200 215 au199 avant au214
201 213 au200 avant au212
201 219 au200 avant au218
202 217 au201 avant au216
202 221 au201 avant au220
203 225 au202 avant au224
204 224 au203 avant au223
205 216 au204 avant au215
205 222 au204 avant au221
206 212 au205 avant au211
207 214 au206 avant au213
209 211 au208 avant au210
209 218 au208 avant au217
210 226 au209 avant au225
211 308 au210 avant au307
212 436 au211 avant au435
213 230 au212 avant au229
213 231 au212 avant au230
213 232 au212 avant au231
213 238 au212 avant au237
213 247 au212 avant au246
213 521 au212 avant au520
216 240 au215 avant au239
216 243 au215 avant au242
217 242 au216 avant au241
218 244 au217 avant au243
219 227 au218 avant au226
220 234 au219 avant au233
220 236 au219 avant au235
222 229 au221 avant au228
222 233 au221 avant au232
222 235 au221 avant au234
222 237 au221 avant au236
222 239 au221 avant au238
222 241 au221 avant au240
223 246 au222 avant au245
223 248 au222 avant au247
225 228 au224 avant au227
225 245 au224 avant au244
225 337 au224 avant au336
226 249 au225 avant au248
226 250 au225 avant au249
226 251 au225 avant au250
226 252 au225 avant au251
226 253 au225 avant au252
226 254 au225 avant au253
226 255 au225 avant au254
226 256 au225 avant au255
226 386 au225 avant au385
227 257 au226 avant au256
228 728 au227 avant au727
229 631 au228 avant au630
230 261 au229 avant au260
230 267 au229 avant au266
231 258 au230 avant au257
233 270 au232 avant au269
234 263 au233 avant au262
234 269 au233 avant au268
239 262 au238 avant au261
239 265 au238 avant au264
240 259 au239 avant au258
241 266 au240 avant au265
242 264 au241 avant au263
243 271 au242 avant au270
245 629 au244 avant au628
246 458 au245 avant au457
248 260 au247 avant au259
248 268 au247 avant au267
251 282 au250 avant au281
252 278 au251 avant au277
252 284 au251 avant au283
254 279 au253 avant au278
255 283 au254 avant au282
257 272 au256 avant au271
257 273 au256 avant au272
257 274 au256 avant au273
257 275 au256 avant au274
257 276 au256 avant au275
257 285 au256 avant au284
258 458 au257 avant au457
259 287 au258 avant au286
264 288 au263 avant au287
265 286 au264 avant au285
265 583 au264 avant au582
266 280 au265 avant au279
267 361 au266 avant au360
269 281 au268 avant au280
269 289 au268 avant au288
269 400 au268 avant au399
270 277 au269 avant au276
271 319 au270 avant au318
272 436 au271 avant au435
273 458 au272 avant au457
274 294 au273 avant au293
274 299 au273 avant au298
275 290 au274 avant au289
275 291 au274 avant au290
278 301 au277 avant au300
279 511 au278 avant au510
280 296 au279 avant au295
280 305 au279 avant au304
281 300 au280 avant au299
282 293 au281 avant au292
282 295 au281 avant au294
285 297 au284 avant au296
286 302 au285 avant au301
287 292 au286 avant au291
288 303 au287 avant au302
288 306 au287 avant au305
289 298 au288 avant au297
289 304 au288 avant au303
290 308 au289 avant au307
291 458 au290 avant au457
292 631 au291 avant au630
293 319 au292 avant au318
295 310 au294 avant au309
296 313 au295 avant au312
297 311 au296 avant au310
297 322 au296 avant au321
298 309 au297 avant au308
298 314 au297 avant au313
298 318 au297 avant au317
301 312 au300 avant au311
301 321 au300 avant au320
301 460 au300 avant au459
302 315 au301 avant au314
303 645 au302 avant au644
304 320 au303 avant au319
305 316 au304 avant au315
305 317 au304 avant au316
306 307 au305 avant au306
308 324 au307 avant au323
308 325 au307 avant au324
308 326 au307 avant au325
308 327 au307 avant au326
308 328 au307 avant au327
309 332 au308 avant au331
309 338 au308 avant au337
311 323 au310 avant au322
311 330 au310 avant au329
312 331 au311 avant au330
312 336 au311 avant au335
313 333 au312 avant au332
314 329 au313 avant au328
316 339 au315 avant au338
316 341 au315 avant au340
321 568 au320 avant au567
322 334 au321 avant au333
322 335 au321 avant au334
322 337 au321 avant au336
322 340 au321 avant au339
325 352 au324 avant au351
326 346 au325 avant au345
327 342 au326 avant au341
328 347 au327 avant au346
329 458 au328 avant au457
330 344 au329 avant au343
331 348 au330 avant au347
333 343 au332 avant au342
333 351 au332 avant au350
333 357 au332 avant au356
334 349 au333 avant au348
335 353 au334 avant au352
339 345 au338 avant au344
339 355 au338 avant au354
339 356 au338 avant au355
340 350 au339 avant au349
341 354 au340 avant au353
342 458 au341 avant au457
343 358 au342 avant au357
345 366 au344 avant au365
345 372 au344 avant au371
345 374 au344 avant au373
346 377 au345 avant au376
350 360 au349 avant au359
350 363 au349 avant au362
350 367 au349 avant au366
350 369 au349 avant au368
350 370 au349 avant au369
350 375 au349 avant au374
351 364 au350 avant au363
353 359 au352 avant au358
353 715 au352 avant au714
354 365 au353 avant au364
354 376 au353 avant au375
355 371 au354 avant au370
355 373 au354 avant au372
356 361 au355 avant au360
357 362 au356 avant au361
357 368 au356 avant au367
359 614 au358 avant au613
360 386 au359 avant au385
360 390 au359 avant au389
362 380 au361 avant au379
362 383 au361 avant au382
362 391 au361 avant au390
363 379 au362 avant au378
364 378 au363 avant au377
364 393 au363 avant au392
368 382 au367 avant au381
368 384 au367 avant au383
368 385 au367 avant au384
370 387 au369 avant au386
370 389 au369 avant au388
372 687 au371 avant au686
373 396 au372 avant au395
374 381 au373 avant au380
374 392 au373 avant au391
374 394 au373 avant au393
375 395 au374 avant au394
376 388 au375 avant au387
378 630 au377 avant au629
379 549 au378 avant au548
380 402 au379 avant au401
381 414 au380 avant au413
382 408 au381 avant au407
383 399 au382 avant au398
385 412 au384 avant au411
386 397 au385 avant au396
386 413 au385 avant au412
387 410 au386 avant au409
388 406 au387 avant au405
389 400 au388 avant au399
389 411 au388 avant au410
391 398 au390 avant au397
391 404 au390 avant au403
391 405 au390 avant au404
391 409 au390 avant au408
394 401 au393 avant au400
396 403 au395 avant au402
396 407 au395 avant au406
397 728 au396 avant au727
399 423 au398 avant au422
401 421 au400 avant au420
402 417 au401 avant au416
402 420 au401 avant au419
402 430 au401 avant au429
403 415 au402 avant au414
404 428 au403 avant au427
405 419 au404 avant au418
406 427 au405 avant au426
406 434 au405 avant au433
407 425 au406 avant au424
407 431 au406 avant au430
407 433 au406 avant au432
408 418 au407 avant au417
408 643 au407 avant au642
410 432 au409 avant au431
413 426 au412 avant au425
413 429 au412 avant au428
414 416 au413 avant au415
414 422 au413 avant au421
414 424 au413 avant au423
416 630 au415 avant au629
417 436 au416 avant au435
418 436 au417 avant au435
419 614 au418 avant au613
420 441 au419 avant au440
420 443 au419 avant au442
422 442 au421 avant au441
425 438 au424 avant au437
426 446 au425 avant au445
427 448 au426 avant au447
427 452 au426 avant au451
427 453 au426 avant au452
428 444 au427 avant au443
428 450 au427 avant au449
429 439 au428 avant au438
429 447 au428 avant au446
429 451 au428 avant au450
432 435 au431 avant au434
432 440 au431 avant au439
433 437 au432 avant au436
433 445 au432 avant au444
433 449 au432 avant au448
436 454 au435 avant au453
436 455 au435 avant au454
436 456 au435 avant au455
436 457 au435 avant au456
437 458 au436 avant au457
439 462 au438 avant au461
439 470 au438 avant au469
440 465 au439 avant au464
440 704 au439 avant au703
441 460 au440 avant au459
442 464 au441 avant au463
442 466 au441 avant au465
442 469 au441 avant au468
443 472 au442 avant au471
444 463 au443 avant au462
447 459 au446 avant au458
449 468 au448 avant au467
450 461 au449 avant au460
453 467 au452 avant au466
453 471 au452 avant au470
456 493 au455 avant au492
457 485 au456 avant au484
458 474 au457 avant au473
458 475 au457 avant au474
458 476 au457 avant au475
458 477 au457 avant au476
458 478 au457 avant au477
458 479 au457 avant au478
458 480 au457 avant au479
458 481 au457 avant au480
458 486 au457 avant au485
458 492 au457 avant au491
461 494 au460 avant au493
463 482 au462 avant au481
464 483 au463 avant au482
464 489 au463 avant au488
466 490 au465 avant au489
466 495 au465 avant au494
467 488 au466 avant au487
468 484 au467 avant au483
469 487 au468 avant au486
470 473 au469 avant au472
471 491 au470 avant au490
471 605 au470 avant au604
473 549 au472 avant au548
474 498 au473 avant au497
474 503 au473 avant au502
475 504 au474 avant au503
476 502 au475 avant au501
477 505 au476 avant au504
478 501 au477 avant au500
479 496 au478 avant au495
479 506 au478 avant au505
480 511 au479 avant au510
483 500 au482 avant au499
486 507 au485 avant au506
489 499 au488 avant au498
490 512 au489 avant au511
492 510 au491 avant au509
495 497 au494 avant au496
495 508 au494 avant au507
495 509 au494 avant au508
496 549 au495 avant au548
500 521 au499 avant au520
500 527 au499 avant au526
501 599 au500 avant au598
502 522 au501 avant au521
507 516 au506 avant au515
507 518 au506 avant au517
507 520 au506 avant au519
507 525 au506 avant au524
507 526 au506 avant au525
508 523 au507 avant au522
509 514 au508 avant au513
509 517 au508 avant au516
510 519 au509 avant au518
511 513 au510 avant au512
511 524 au510 avant au523
512 515 au511 avant au514
513 630 au512 avant au629
514 534 au513 avant au533
515 536 au514 avant au535
515 542 au514 avant au541
515 543 au514 avant au542
516 528 au515 avant au527
517 538 au516 avant au537
518 529 au517 avant au528
518 531 au517 avant au530
518 548 au517 avant au547
519 547 au518 avant au546
520 541 au519 avant au540
521 532 au520 avant au531
521 533 au520 avant au532
522 530 au521 avant au529
522 537 au521 avant au536
522 540 au521 avant au539
523 546 au522 avant au545
524 544 au523 avant au543
525 535 au524 avant au534
526 539 au525 avant au538
526 545 au525 avant au544
528 549 au527 avant au548
529 549 au528 avant au548
530 614 au529 avant au613
531 550 au530 avant au549
531 563 au530 avant au562
532 555 au531 avant au554
532 557 au531 avant au556
532 560 au531 avant au559
533 559 au532 avant au558
535 562 au534 avant au561
536 552 au535 avant au551
536 558 au535 avant au557
536 566 au535 avant au565
536 629 au535 avant au628
537 554 au536 avant au553
537 561 au536 avant au560
540 556 au539 avant au555
542 567 au541 avant au566
543 564 au542 avant au563
544 568 au543 avant au567
545 551 au544 avant au550
545 553 au544 avant au552
548 565 au547 avant au564
549 569 au548 avant au568
549 570 au548 avant au569
549 571 au548 avant au570
549 572 au548 avant au571
549 573 au548 avant au572
549 574 au548 avant au573
549 575 au548 avant au574
549 576 au548 avant au575
549 577 au548 avant au576
549 588 au548 avant au587
550 590 au549 avant au589
552 578 au551 avant au577
553 580 au552 avant au579
553 584 au552 avant au583
553 587 au552 avant au586
554 581 au553 avant au580
556 588 au555 avant au587
558 582 au557 avant au581
559 586 au558 avant au585
561 583 au560 avant au582
561 585 au560 avant au584
562 589 au561 avant au588
565 591 au564 avant au590
566 579 au565 avant au578
569 598 au568 avant au597
570 592 au569 avant au591
571 593 au570 avant au592
572 600 au571 avant au599
574 602 au573 avant au601
574 606 au573 avant au605
576 595 au575 avant au594
577 604 au576 avant au603
579 601 au578 avant au600
582 607 au581 avant au606
583 599 au582 avant au598
583 603 au582 avant au602
583 610 au582 avant au609
585 605 au584 avant au604
586 594 au585 avant au593
586 608 au585 avant au607
586 609 au585 avant au608
588 596 au587 avant au595
590 597 au589 avant au596
592 614 au591 avant au613
593 614 au592 avant au613
594 611 au593 avant au610
594 615 au593 avant au614
595 622 au594 avant au621
598 625 au597 avant au624
598 678 au597 avant au677
599 619 au598 avant au618
600 612 au599 avant au611
601 613 au600 avant au612
603 623 au602 avant au622
603 626 au602 avant au625
603 627 au602 avant au626
603 709 au602 avant au708
604 629 au603 avant au628
605 621 au604 avant au620
605 628 au604 avant au627
607 617 au606 avant au616
608 620 au607 avant au619
608 624 au607 avant au623
610 616 au609 avant au615
610 618 au609 avant au617
611 630 au610 avant au629
612 728 au611 avant au727
613 631 au612 avant au630
614 632 au613 avant au631
614 633 au613 avant au632
614 634 au613 avant au633
614 635 au613 avant au634
614 636 au613 avant au635
614 637 au613 avant au636
615 652 au614 avant au651
616 647 au615 avant au646
617 641 au616 avant au640
617 653 au616 avant au652
619 639 au618 avant au638
619 644 au618 avant au643
619 648 au618 avant au647
619 650 au618 avant au649
620 646 au619 avant au645
621 638 au620 avant au637
622 642 au621 avant au641
622 643 au621 avant au642
624 645 au623 avant au644
625 640 au624 avant au639
628 649 au627 avant au648
629 651 au628 avant au650
630 656 au629 avant au655
630 657 au629 avant au656
630 658 au629 avant au657
630 659 au629 avant au658
630 660 au629 avant au659
630 661 au629 avant au660
630 662 au629 avant au661
630 663 au629 avant au662
630 664 au629 avant au663
630 665 au629 avant au664
630 666 au629 avant au665
630 667 au629 avant au666
630 668 au629 avant au667
630 669 au629 avant au668
630 686 au629 avant au685
631 670 au630 avant au669
631 671 au630 avant au670
631 672 au630 avant au671
631 673 au630 avant au672
631 674 au630 avant au673
631 675 au630 avant au674
631 676 au630 avant au675
631 677 au630 avant au676
633 655 au632 avant au654
640 654 au639 avant au653
640 679 au639 avant au678
640 684 au639 avant au683
641 681 au640 avant au680
641 685 au640 avant au684
642 687 au641 avant au686
644 678 au643 avant au677
644 682 au643 avant au681
646 683 au645 avant au682
649 680 au648 avant au679
650 688 au649 avant au687
657 698 au656 avant au697
657 704 au656 avant au703
658 693 au657 avant au692
659 689 au658 avant au688
661 707 au660 avant au706
667 706 au666 avant au705
669 694 au668 avant au693
669 701 au668 avant au700
670 691 au669 avant au690
671 705 au670 avant au704
674 692 au673 avant au691
674 696 au673 avant au695
674 697 au673 avant au696
677 695 au676 avant au694
677 702 au676 avant au701
683 700 au682 avant au699
683 703 au682 avant au702
684 699 au683 avant au698
685 690 au684 avant au689
690 728 au689 avant au727
691 720 au690 avant au719
691 723 au690 avant au722
692 715 au691 avant au714
695 710 au694 avant au709
695 713 au694 avant au712
696 716 au695 avant au715
697 721 au696 avant au720
698 724 au697 avant au723
699 714 au698 avant au713
699 718 au698 avant au717
700 719 au699 avant au718
700 726 au699 avant au725
701 725 au700 avant au724
703 711 au702 avant au710
704 717 au703 avant au716
705 708 au704 avant au707
705 712 au704 avant au711
705 722 au704 avant au721
707 709 au706 avant au708
708 728 au707 avant au727
710 729 au709 avant au728
714 727 au713 avant au726
715 730 au714 avant au729
715 733 au714 avant au732
715 739 au714 avant au738
716 735 au715 avant au734
716 737 au715 avant au736
722 731 au721 avant au730
723 732 au722 avant au731
723 736 au722 avant au735
723 738 au722 avant au737
726 734 au725 avant au733
