# Components (V)
1 2 3 4 5 6 7 8 9 10 11 12 13 14 15 16 17 18 19 20

# Precedence arcs (E)
1 4
1 5
3 4
4 6
4 13
5 6
5 7
5 8
5 9
5 10
6 14
7 14
8 12
8 13
9 11
9 13
11 14
12 14
13 15
13 16
14 17
14 18
14 19
14 20

# Target components (T)
20 16

# Revenues (r)
1 27
2 20
3 25
4 28
5 25
6 21
7 25
8 28
9 23
10 28
11 25
12 28
13 24
14 29
15 25
16 22
17 24
18 21
19 27
20 24

# Costs (c)
1 5
2 1
3 4
4 9
5 7
6 2
7 5
8 4
9 9
10 10
11 5
12 3
13 10
14 6
15 3
16 4
17 1
18 3
19 6
20 3

# Durations (p)
1 32
2 164
3 266
4 155
5 72
6 184
7 22
8 105
9 245
10 29
11 73
12 113
13 85
14 214
15 189
16 283
17 172
18 213
19 164
20 106

orderrules
1 4 au000 avant au003
1 5 au000 avant au004
3 4 au002 avant au003
4 6 au003 avant au005
4 13 au003 avant au012
5 6 au004 avant au005
5 7 au004 avant au006
5 8 au004 avant au007
5 9 au004 avant au008
5 10 au004 avant au009
6 14 au005 avant au013
7 14 au006 avant au013
8 12 au007 avant au011
8 13 au007 avant au012
9 11 au008 avant au010
9 13 au008 avant au012
11 14 au010 avant au013
12 14 au011 avant au013
13 15 au012 avant au014
13 16 au012 avant au015
14 17 au013 avant au016
14 18 au013 avant au017
14 19 au013 avant au018
14 20 au013 avant au019
