# Components (V)
1 2 3 4 5 6 7 8 9 10 11 12 13 14 15 16 17 18 19 20 21 22 23 24 25 26 27 28 29 30 31 32 33 34 35 36 37 38 39 40 41 42 43 44 45 46 47 48 49 50 51 52 53 54 55 56 57 58 59 60 61 62 63 64 65 66 67 68 69 70 71 72 73 74 75 76 77 78 79 80 81 82 83 84 85 86 87 88 89 90 91 92 93 94 95 96 97 98 99 100

# Precedence arcs (E)
1 13
2 13
3 13
4 13
5 13
6 16
7 15
7 17
7 21
8 19
8 20
9 14
9 23
9 99
10 21
10 33
11 18
11 22
12 57
13 24
13 25
13 26
13 27
14 67
15 31
16 29
17 30
18 71
19 34
19 89
19 95
20 33
22 28
23 32
24 37
24 41
24 89
25 36
25 84
27 85
28 67
29 38
30 39
31 40
32 35
32 42
35 67
36 67
37 43
38 44
39 46
40 46
41 45
42 47
42 48
42 49
43 52
44 53
45 54
46 56
47 55
48 51
48 86
49 50
49 57
50 67
51 67
52 63
53 60
54 62
55 61
55 66
56 58
56 64
56 65
57 59
58 67
59 67
60 69
61 70
62 68
63 75
64 73
64 74
64 76
65 72
66 71
67 77
67 78
67 79
67 80
68 81
69 82
70 83
71 86
71 89
73 82
73 92
75 84
75 85
76 86
77 88
78 92
78 93
80 90
81 87
83 89
83 91
87 94
88 95
90 96
94 98
94 99
94 100
95 97

# Target components (T)
86

# Revenues (r)
1 21
2 27
3 21
4 20
5 20
6 30
7 22
8 24
9 27
10 27
11 25
12 25
13 20
14 24
15 24
16 25
17 30
18 24
19 29
20 23
21 30
22 20
23 29
24 24
25 28
26 21
27 27
28 30
29 28
30 28
31 22
32 22
33 25
34 22
35 26
36 28
37 27
38 24
39 30
40 23
41 23
42 25
43 21
44 30
45 26
46 21
47 22
48 22
49 22
50 20
51 24
52 27
53 23
54 30
55 23
56 30
57 21
58 25
59 26
60 23
61 27
62 29
63 22
64 30
65 29
66 26
67 27
68 22
69 27
70 25
71 21
72 21
73 21
74 20
75 22
76 21
77 30
78 22
79 22
80 27
81 29
82 22
83 30
84 23
85 24
86 25
87 23
88 25
89 27
90 23
91 30
92 27
93 26
94 26
95 23
96 28
97 27
98 23
99 23
100 28

# Costs (c)
1 10
2 3
3 7
4 1
5 3
6 2
7 4
8 6
9 7
10 10
11 10
12 2
13 1
14 9
15 7
16 10
17 3
18 5
19 9
20 6
21 8
22 5
23 1
24 10
25 9
26 4
27 6
28 5
29 8
30 6
31 8
32 2
33 4
34 10
35 4
36 2
37 5
38 7
39 9
40 1
41 8
42 1
43 9
44 9
45 7
46 10
47 10
48 4
49 6
50 10
51 8
52 9
53 6
54 8
55 7
56 1
57 3
58 4
59 1
60 8
61 5
62 10
63 10
64 6
65 2
66 7
67 8
68 6
69 4
70 7
71 1
72 4
73 7
74 6
75 6
76 5
77 9
78 9
79 5
80 10
81 2
82 2
83 9
84 6
85 1
86 3
87 1
88 2
89 8
90 4
91 3
92 9
93 8
94 1
95 5
96 5
97 10
98 6
99 6
100 6

# Durations (p)
1 31
2 92
3 541
4 229
5 200
6 42
7 172
8 109
9 126
10 125
11 211
12 588
13 200
14 375
15 131
16 200
17 168
18 29
19 100
20 132
21 35
22 180
23 198
24 542
25 212
26 63
27 213
28 218
29 296
30 144
31 487
32 455
33 78
34 110
35 147
36 458
37 65
38 89
39 32
40 542
41 82
42 111
43 463
44 158
45 90
46 303
47 429
48 256
49 361
50 23
51 155
52 321
53 30
54 22
55 42
56 260
57 149
58 20
59 129
60 235
61 137
62 249
63 196
64 187
65 65
66 52
67 195
68 219
69 205
70 64
71 47
72 463
73 145
74 41
75 168
76 111
77 228
78 241
79 486
80 91
81 253
82 37
83 546
84 197
85 183
86 347
87 27
88 167
89 86
90 489
91 58
92 162
93 203
94 418
95 191
96 371
97 86
98 483
99 577
100 527

orderrules
1 13 au000 avant au012
2 13 au001 avant au012
3 13 au002 avant au012
4 13 au003 avant au012
5 13 au004 avant au012
6 16 au005 avant au015
7 15 au006 avant au014
7 17 au006 avant au016
7 21 au006 avant au020
8 19 au007 avant au018
8 20 au007 avant au019
9 14 au008 avant au013
9 23 au008 avant au022
9 99 au008 avant au098
10 21 au009 avant au020
10 33 au009 avant au032
11 18 au010 avant au017
11 22 au010 avant au021
12 57 au011 avant au056
13 24 au012 avant au023
13 25 au012 avant au024
13 26 au012 avant au025
13 27 au012 avant au026
14 67 au013 avant au066
15 31 au014 avant au030
16 29 au015 avant au028
17 30 au016 avant au029
18 71 au017 avant au070
19 34 au018 avant au033
19 89 au018 avant au088
19 95 au018 avant au094
20 33 au019 avant au032
22 28 au021 avant au027
23 32 au022 avant au031
24 37 au023 avant au036
24 41 au023 avant au040
24 89 au023 avant au088
25 36 au024 avant au035
25 84 au024 avant au083
27 85 au026 avant au084
28 67 au027 avant au066
29 38 au028 avant au037
30 39 au029 avant au038
31 40 au030 avant au039
32 35 au031 avant au034
32 42 au031 avant au041
35 67 au034 avant au066
36 67 au035 avant au066
37 43 au036 avant au042
38 44 au037 avant au043
39 46 au038 avant au045
40 46 au039 avant au045
41 45 au040 avant au044
42 47 au041 avant au046
42 48 au041 avant au047
42 49 au041 avant au048
43 52 au042 avant au051
44 53 au043 avant au052
45 54 au044 avant au053
46 56 au045 avant au055
47 55 au046 avant au054
48 51 au047 avant au050
48 86 au047 avant au085
49 50 au048 avant au049
49 57 au048 avant au056
50 67 au049 avant au066
51 67 au050 avant au066
52 63 au051 avant au062
53 60 au052 avant au059
54 62 au053 avant au061
55 61 au054 avant au060
55 66 au054 avant au065
56 58 au055 avant au057
56 64 au055 avant au063
56 65 au055 avant au064
57 59 au056 avant au058
58 67 au057 avant au066
59 67 au058 avant au066
60 69 au059 avant au068
61 70 au060 avant au069
62 68 au061 avant au067
63 75 au062 avant au074
64 73 au063 avant au072
64 74 au063 avant au073
64 76 au063 avant au075
65 72 au064 avant au071
66 71 au065 avant au070
67 77 au066 avant au076
67 78 au066 avant au077
67 79 au066 avant au078
67 80 au066 avant au079
68 81 au067 avant au080
69 82 au068 avant au081
70 83 au069 avant au082
71 86 au070 avant au085
71 89 au070 avant au088
73 82 au072 avant au081
73 92 au072 avant au091
75 84 au074 avant au083
75 85 au074 avant au084
76 86 au075 avant au085
77 88 au076 avant au087
78 92 au077 avant au091
78 93 au077 avant au092
80 90 au079 avant au089
81 87 au080 avant au086
83 89 au082 avant au088
83 91 au082 avant au090
87 94 au086 avant au093
88 95 au087 avant au094
90 96 au089 avant au095
94 98 au093 avant au097
94 99 au093 avant au098
94 100 au093 avant au099
95 97 au094 avant au096
