# Components (V)
1 2 3 4 5 6 7 8 9 10 11 12 13 14 15 16 17 18 19 20

# Precedence arcs (E)
1 6
2 7
4 8
5 9
6 10
7 11
8 12
10 13
11 13
12 14
12 15
13 16
13 17
13 18
14 20
15 19

# Target components (T)
3 20 17

# Revenues (r)
1 24
2 30
3 29
4 29
5 20
6 22
7 28
8 20
9 28
10 29
11 28
12 20
13 20
14 27
15 25
16 30
17 26
18 29
19 29
20 26

# Costs (c)
1 3
2 7
3 6
4 10
5 1
6 4
7 1
8 7
9 7
10 9
11 8
12 9
13 9
14 5
15 7
16 4
17 7
18 6
19 2
20 8

# Durations (p)
1 142
2 34
3 140
4 214
5 121
6 279
7 50
8 282
9 129
10 175
11 97
12 132
13 107
14 132
15 69
16 169
17 73
18 231
19 120
20 186

orderrules
1 6 au000 avant au005
2 7 au001 avant au006
4 8 au003 avant au007
5 9 au004 avant au008
6 10 au005 avant au009
7 11 au006 avant au010
8 12 au007 avant au011
10 13 au009 avant au012
11 13 au010 avant au012
12 14 au011 avant au013
12 15 au011 avant au014
13 16 au012 avant au015
13 17 au012 avant au016
13 18 au012 avant au017
14 20 au013 avant au019
15 19 au014 avant au018
