# Components (V)
1 2 3 4 5 6 7 8 9 10 11 12 13 14 15 16 17 18 19 20

# Precedence arcs (E)
1 7
2 7
3 7
4 7
6 8
6 9
6 10
7 11
7 12
7 13
7 14
8 15
8 16
12 18
14 19
15 17
18 20

# Target components (T)
13 9 19

# Revenues (r)
1 20
2 28
3 27
4 29
5 30
6 28
7 27
8 25
9 22
10 28
11 23
12 26
13 23
14 30
15 20
16 27
17 20
18 26
19 29
20 25

# Costs (c)
1 8
2 5
3 5
4 4
5 5
6 2
7 1
8 2
9 7
10 8
11 5
12 6
13 4
14 3
15 2
16 1
17 7
18 5
19 8
20 10

# Durations (p)
1 467
2 287
3 149
4 495
5 501
6 391
7 494
8 138
9 26
10 376
11 233
12 29
13 189
14 260
15 175
16 65
17 132
18 253
19 177
20 40

orderrules
1 7 au000 avant au006
2 7 au001 avant au006
3 7 au002 avant au006
4 7 au003 avant au006
6 8 au005 avant au007
6 9 au005 avant au008
6 10 au005 avant au009
7 11 au006 avant au010
7 12 au006 avant au011
7 13 au006 avant au012
7 14 au006 avant au013
8 15 au007 avant au014
8 16 au007 avant au015
12 18 au011 avant au017
14 19 au013 avant au018
15 17 au014 avant au016
18 20 au017 avant au019
