# Components (V)
1 2 3 4 5 6 7 8 9 10 11 12 13 14 15 16 17 18 19 20

# Precedence arcs (E)
1 4
2 7
3 5
3 6
4 11
5 11
6 8
7 9
7 10
8 11
9 11
10 12
10 13
11 14
11 15
11 16
11 17
11 18
16 19
18 20

# Target components (T)
12 15

# Revenues (r)
1 23
2 21
3 27
4 20
5 20
6 28
7 28
8 30
9 25
10 25
11 20
12 27
13 28
14 24
15 29
16 20
17 20
18 27
19 29
20 23

# Costs (c)
1 7
2 8
3 1
4 9
5 4
6 8
7 3
8 10
9 1
10 3
11 6
12 4
13 10
14 2
15 7
16 7
17 7
18 9
19 10
20 2

# Durations (p)
1 151
2 147
3 78
4 84
5 107
6 117
7 146
8 99
9 103
10 154
11 235
12 179
13 284
14 285
15 142
16 145
17 196
18 33
19 30
20 197

orderrules
1 4 au000 avant au003
2 7 au001 avant au006
3 5 au002 avant au004
3 6 au002 avant au005
4 11 au003 avant au010
5 11 au004 avant au010
6 8 au005 avant au007
7 9 au006 avant au008
7 10 au006 avant au009
8 11 au007 avant au010
9 11 au008 avant au010
10 12 au009 avant au011
10 13 au009 avant au012
11 14 au010 avant au013
11 15 au010 avant au014
11 16 au010 avant au015
11 17 au010 avant au016
11 18 au010 avant au017
16 19 au015 avant au018
18 20 au017 avant au019
