# Components (V)
1 2 3 4 5 6 7 8 9 10 11 12 13 14 15 16 17 18 19 20 21 22 23 24 25 26 27 28 29 30 31 32 33 34 35 36 37 38 39 40 41 42 43 44 45 46 47 48 49 50 51 52 53 54 55 56 57 58 59 60 61 62 63 64 65 66 67 68 69 70 71 72 73 74 75 76 77 78 79 80 81 82 83 84 85 86 87 88 89 90 91 92 93 94 95 96 97 98 99 100 101 102 103 104 105 106 107 108 109 110 111 112 113 114 115 116 117 118 119 120 121 122 123 124 125 126 127 128 129 130 131 132 133 134 135 136 137 138 139 140 141 142 143 144 145 146 147 148 149 150 151 152 153 154 155 156 157 158 159 160 161 162 163 164 165 166 167 168 169 170 171 172 173 174 175 176 177 178 179 180 181 182 183 184 185 186 187 188 189 190 191 192 193 194 195 196 197 198 199 200 201 202 203 204 205 206 207 208 209 210 211 212 213 214 215 216 217 218 219 220 221 222 223 224 225 226 227 228 229 230 231 232 233 234 235 236 237 238 239 240 241 242 243 244 245 246 247 248 249 250 251 252 253 254 255 256 257 258 259 260 261 262 263 264 265 266 267 268 269 270 271 272 273 274 275 276 277 278 279 280 281 282 283 284 285 286 287 288 289 290 291 292 293 294 295 296 297 298 299 300 301 302 303 304 305 306 307 308 309 310 311 312 313 314 315 316 317 318 319 320 321 322 323 324 325 326 327 328 329 330 331 332 333 334 335 336 337 338 339 340 341 342 343 344 345 346 347 348 349 350 351 352 353 354 355 356 357 358 359 360 361 362 363 364 365 366 367 368 369 370 371 372 373 374 375 376 377 378 379 380 381 382 383 384 385 386 387 388 389 390 391 392 393 394 395 396 397 398 399 400 401 402 403 404 405 406 407 408 409 410 411 412 413 414 415 416 417 418 419 420 421 422 423 424 425 426 427 428 429 430 431 432 433 434 435 436 437 438 439 440 441 442 443 444 445 446 447 448 449 450 451 452 453 454 455 456 457 458 459 460 461 462 463 464 465 466 467 468 469 470 471 472 473 474 475 476 477 478 479 480 481 482 483 484 485 486 487 488 489 490 491 492 493 494 495 496 497 498 499 500 501 502 503 504 505 506 507 508 509 510 511 512 513 514 515 516 517 518 519 520 521 522 523 524 525 526 527 528 529 530 531 532 533 534 535 536 537 538 539 540 541 542 543 544 545 546 547 548 549 550 551 552 553 554 555 556 557 558 559 560 561 562 563 564 565 566 567 568 569 570 571 572 573 574 575 576 577 578 579 580 581 582 583 584 585 586 587 588 589 590 591 592 593 594 595 596 597 598 599 600 601 602 603 604 605 606 607 608 609 610 611 612 613 614 615 616 617 618 619 620 621 622 623 624 625 626 627 628 629 630 631 632 633 634 635 636 637 638 639 640 641 642 643 644 645 646 647 648 649 650 651 652 653 654 655 656 657 658 659 660 661 662 663 664 665 666 667 668 669 670 671 672 673 674 675 676 677 678 679 680 681 682 683 684 685 686 687 688 689 690 691 692 693 694 695 696 697 698 699 700 701 702 703 704 705 706 707 708 709 710 711 712 713 714 715 716 717 718 719 720 721 722 723 724 725 726 727 728 729 730 731 732 733 734 735

# Precedence arcs (E)
1 153
2 153
3 153
4 226
5 63
6 63
7 257
8 308
9 158
11 24
11 27
11 34
12 30
13 39
14 40
15 33
17 25
17 32
18 36
18 38
19 23
19 26
20 31
20 35
20 37
21 28
22 29
23 153
24 226
25 63
26 63
27 63
28 63
29 257
30 158
31 52
32 45
32 60
33 42
33 49
33 53
33 54
33 99
34 41
34 51
34 59
35 57
36 43
37 46
37 48
37 56
38 47
38 50
38 58
39 44
39 55
40 580
41 226
42 226
43 63
44 257
45 631
46 62
47 61
47 65
47 76
49 69
53 66
53 74
54 73
55 71
56 67
57 72
59 68
59 70
59 240
60 64
60 75
61 153
62 153
63 78
63 79
63 80
63 81
63 82
63 83
64 158
65 158
67 90
68 88
68 92
68 95
68 96
69 91
70 86
70 98
71 84
71 93
71 94
72 87
72 97
73 85
75 77
76 89
77 153
78 101
78 109
80 111
81 112
81 116
81 320
85 102
86 117
87 103
89 115
89 162
90 104
90 105
90 106
92 113
94 100
94 110
94 114
97 107
98 99
98 108
99 153
100 436
101 158
102 551
103 128
103 129
104 124
104 125
106 120
106 127
109 119
109 131
110 118
111 121
111 130
112 122
114 379
115 123
115 422
117 126
118 153
119 226
120 458
121 158
122 141
122 143
123 133
123 138
123 142
123 145
124 151
125 134
125 150
126 132
126 136
126 139
126 152
127 148
127 149
129 137
129 147
130 146
131 135
131 140
131 144
132 153
133 226
135 630
136 308
137 158
138 158
139 168
141 155
141 161
144 154
144 164
145 156
145 159
146 163
147 162
147 166
148 160
149 157
151 167
152 165
153 169
153 170
153 171
153 172
153 173
153 174
153 187
154 226
155 630
156 436
157 436
158 175
158 176
158 177
158 178
158 179
158 180
158 186
159 181
161 390
162 184
162 185
163 182
163 183
167 188
169 191
169 193
169 201
172 199
172 208
172 209
174 197
174 557
177 401
178 200
179 206
179 207
181 189
181 194
181 302
182 190
183 196
184 192
185 195
186 527
187 198
187 202
187 203
188 204
188 205
189 226
190 308
191 631
192 631
193 614
197 220
197 223
198 210
200 215
201 213
201 219
202 217
202 221
203 225
204 224
205 216
205 222
206 212
207 214
209 211
209 218
210 226
211 308
212 436
213 230
213 231
213 232
213 238
213 247
213 521
216 240
216 243
217 242
218 244
219 227
220 234
220 236
222 229
222 233
222 235
222 237
222 239
222 241
223 246
223 248
225 228
225 245
225 337
226 249
226 250
226 251
226 252
226 253
226 254
226 255
226 256
226 386
227 257
228 728
229 631
230 261
230 267
231 258
233 270
234 263
234 269
239 262
239 265
240 259
241 266
242 264
243 271
245 629
246 458
248 260
248 268
251 282
252 278
252 284
254 279
255 283
257 272
257 273
257 274
257 275
257 276
257 285
258 458
259 287
264 288
265 286
265 583
266 280
267 361
269 281
269 289
269 400
270 277
271 319
272 436
273 458
274 294
274 299
275 290
275 291
278 301
279 511
280 296
280 305
281 300
282 293
282 295
285 297
286 302
287 292
288 303
288 306
289 298
289 304
290 308
291 458
292 631
293 319
295 310
296 313
297 311
297 322
298 309
298 314
298 318
301 312
301 321
301 460
302 315
303 645
304 320
305 316
305 317
306 307
308 324
308 325
308 326
308 327
308 328
309 332
309 338
311 323
311 330
312 331
312 336
313 333
314 329
316 339
316 341
321 568
322 334
322 335
322 337
322 340
325 352
326 346
327 342
328 347
329 458
330 344
331 348
333 343
333 351
333 357
334 349
335 353
339 345
339 355
339 356
340 350
341 354
342 458
343 358
345 366
345 372
345 374
346 377
350 360
350 363
350 367
350 369
350 370
350 375
351 364
353 359
353 715
354 365
354 376
355 371
355 373
356 361
357 362
357 368
359 614
360 386
360 390
362 380
362 383
362 391
363 379
364 378
364 393
368 382
368 384
368 385
370 387
370 389
372 687
373 396
374 381
374 392
374 394
375 395
376 388
378 630
379 549
380 402
381 414
382 408
383 399
385 412
386 397
386 413
387 410
388 406
389 400
389 411
391 398
391 404
391 405
391 409
394 401
396 403
396 407
397 728
399 423
401 421
402 417
402 420
402 430
403 415
404 428
405 419
406 427
406 434
407 425
407 431
407 433
408 418
408 643
410 432
413 426
413 429
414 416
414 422
414 424
416 630
417 436
418 436
419 614
420 441
420 443
422 442
425 438
426 446
427 448
427 452
427 453
428 444
428 450
429 439
429 447
429 451
432 435
432 440
433 437
433 445
433 449
436 454
436 455
436 456
436 457
437 458
439 462
439 470
440 465
440 704
441 460
442 464
442 466
442 469
443 472
444 463
447 459
449 468
450 461
453 467
453 471
456 493
457 485
458 474
458 475
458 476
458 477
458 478
458 479
458 480
458 481
458 486
458 492
461 494
463 482
464 483
464 489
466 490
466 495
467 488
468 484
469 487
470 473
471 491
471 605
473 549
474 498
474 503
475 504
476 502
477 505
478 501
479 496
479 506
480 511
483 500
486 507
489 499
490 512
492 510
495 497
495 508
495 509
496 549
500 521
500 527
501 599
502 522
507 516
507 518
507 520
507 525
507 526
508 523
509 514
509 517
510 519
511 513
511 524
512 515
513 630
514 534
515 536
515 542
515 543
516 528
517 538
518 529
518 531
518 548
519 547
520 541
521 532
521 533
522 530
522 537
522 540
523 546
524 544
525 535
526 539
526 545
528 549
529 549
530 614
531 550
531 563
532 555
532 557
532 560
533 559
535 562
536 552
536 558
536 566
536 629
537 554
537 561
540 556
542 567
543 564
544 568
545 551
545 553
548 565
549 569
549 570
549 571
549 572
549 573
549 574
549 575
549 576
549 577
549 588
550 590
552 578
553 580
553 584
553 587
554 581
556 588
558 582
559 586
561 583
561 585
562 589
565 591
566 579
569 598
570 592
571 593
572 600
574 602
574 606
576 595
577 604
579 601
582 607
583 599
583 603
583 610
585 605
586 594
586 608
586 609
588 596
590 597
592 614
593 614
594 611
594 615
595 622
598 625
598 678
599 619
600 612
601 613
603 623
603 626
603 627
603 709
604 629
605 621
605 628
607 617
608 620
608 624
610 616
610 618
611 630
612 728
613 631
614 632
614 633
614 634
614 635
614 636
614 637
615 652
616 647
617 641
617 653
619 639
619 644
619 648
619 650
620 646
621 638
622 642
622 643
624 645
625 640
628 649
629 651
630 656
630 657
630 658
630 659
630 660
630 661
630 662
630 663
630 664
630 665
630 666
630 667
630 668
630 669
630 686
631 670
631 671
631 672
631 673
631 674
631 675
631 676
631 677
633 655
640 654
640 679
640 684
641 681
641 685
642 687
644 678
644 682
646 683
649 680
650 688
657 698
657 704
658 693
659 689
661 707
667 706
669 694
669 701
670 691
671 705
674 692
674 696
674 697
677 695
677 702
683 700
683 703
684 699
685 690
690 728
691 720
691 723
692 715
695 710
695 713
696 716
697 721
698 724
699 714
699 718
700 719
700 726
701 725
703 711
704 717
705 708
705 712
705 722
707 709
708 728
710 729
714 727
715 730
715 733
716 735
722 731
723 732
726 734

# Target components (T)
307 682

# Revenues (r)
1 24
2 22
3 23
4 20
5 30
6 30
7 30
8 22
9 23
10 30
11 30
12 26
13 30
14 20
15 22
16 30
17 23
18 22
19 20
20 23
21 30
22 26
23 22
24 29
25 30
26 20
27 21
28 28
29 21
30 24
31 30
32 26
33 20
34 22
35 26
36 26
37 29
38 21
39 27
40 27
41 25
42 25
43 26
44 25
45 30
46 21
47 21
48 27
49 25
50 26
51 29
52 30
53 21
54 30
55 20
56 29
57 28
58 24
59 24
60 30
61 30
62 23
63 25
64 29
65 22
66 24
67 26
68 30
69 25
70 28
71 27
72 26
73 25
74 20
75 25
76 21
77 28
78 28
79 30
80 28
81 23
82 29
83 26
84 22
85 30
86 20
87 23
88 22
89 29
90 27
91 25
92 26
93 25
94 26
95 26
96 25
97 22
98 27
99 28
100 25
101 20
102 22
103 28
104 29
105 25
106 24
107 22
108 25
109 25
110 26
111 30
112 29
113 25
114 27
115 24
116 25
117 22
118 23
119 29
120 29
121 25
122 24
123 27
124 30
125 30
126 20
127 21
128 30
129 29
130 22
131 27
132 29
133 20
134 25
135 29
136 30
137 24
138 21
139 29
140 27
141 28
142 20
143 23
144 24
145 29
146 23
147 21
148 23
149 22
150 26
151 23
152 22
153 20
154 20
155 26
156 23
157 20
158 29
159 24
160 20
161 27
162 25
163 26
164 28
165 24
166 20
167 23
168 30
169 23
170 30
171 24
172 27
173 28
174 30
175 21
176 29
177 24
178 28
179 21
180 26
181 28
182 21
183 25
184 23
185 29
186 29
187 29
188 20
189 26
190 22
191 21
192 20
193 20
194 26
195 26
196 26
197 20
198 28
199 30
200 30
201 26
202 30
203 25
204 25
205 24
206 27
207 20
208 25
209 24
210 25
211 27
212 20
213 27
214 22
215 23
216 25
217 25
218 27
219 23
220 21
221 23
222 27
223 21
224 27
225 26
226 30
227 21
228 22
229 28
230 25
231 21
232 25
233 24
234 20
235 29
236 21
237 24
238 22
239 21
240 21
241 27
242 21
243 25
244 24
245 29
246 28
247 21
248 30
249 28
250 29
251 29
252 25
253 21
254 21
255 22
256 20
257 22
258 20
259 29
260 29
261 29
262 23
263 20
264 22
265 27
266 24
267 29
268 28
269 26
270 21
271 23
272 22
273 20
274 23
275 24
276 27
277 30
278 30
279 27
280 20
281 22
282 30
283 28
284 25
285 22
286 29
287 27
288 25
289 27
290 30
291 25
292 20
293 30
294 30
295 29
296 26
297 21
298 21
299 22
300 28
301 26
302 23
303 25
304 22
305 24
306 29
307 26
308 27
309 21
310 28
311 24
312 26
313 21
314 30
315 21
316 21
317 22
318 27
319 28
320 21
321 23
322 23
323 26
324 27
325 23
326 20
327 25
328 30
329 28
330 25
331 20
332 25
333 20
334 29
335 26
336 25
337 23
338 26
339 25
340 27
341 22
342 27
343 24
344 29
345 25
346 23
347 28
348 22
349 22
350 21
351 26
352 30
353 24
354 30
355 29
356 23
357 23
358 30
359 26
360 27
361 22
362 23
363 26
364 21
365 21
366 26
367 29
368 20
369 27
370 30
371 21
372 22
373 20
374 28
375 25
376 25
377 28
378 30
379 21
380 28
381 23
382 27
383 29
384 29
385 24
386 24
387 30
388 23
389 25
390 25
391 24
392 22
393 23
394 26
395 27
396 26
397 28
398 23
399 20
400 27
401 29
402 28
403 29
404 24
405 21
406 23
407 23
408 24
409 21
410 20
411 23
412 27
413 27
414 25
415 30
416 25
417 26
418 29
419 30
420 26
421 27
422 26
423 27
424 29
425 20
426 25
427 23
428 28
429 30
430 23
431 27
432 24
433 23
434 27
435 25
436 23
437 22
438 25
439 25
440 24
441 26
442 26
443 23
444 20
445 24
446 28
447 27
448 23
449 22
450 23
451 29
452 22
453 24
454 21
455 23
456 27
457 26
458 30
459 20
460 20
461 21
462 26
463 26
464 24
465 20
466 25
467 23
468 29
469 27
470 29
471 25
472 28
473 27
474 26
475 22
476 20
477 22
478 29
479 29
480 23
481 28
482 24
483 27
484 23
485 23
486 21
487 23
488 29
489 27
490 23
491 28
492 30
493 30
494 26
495 29
496 28
497 21
498 28
499 26
500 29
501 21
502 27
503 25
504 20
505 26
506 25
507 25
508 29
509 29
510 26
511 27
512 20
513 28
514 29
515 28
516 20
517 20
518 27
519 21
520 25
521 25
522 27
523 27
524 20
525 25
526 24
527 29
528 25
529 22
530 22
531 28
532 29
533 27
534 28
535 25
536 24
537 25
538 23
539 30
540 25
541 21
542 23
543 27
544 25
545 21
546 26
547 26
548 28
549 26
550 23
551 29
552 24
553 25
554 28
555 24
556 30
557 26
558 23
559 28
560 21
561 26
562 24
563 25
564 28
565 20
566 23
567 23
568 25
569 22
570 29
571 30
572 24
573 25
574 25
575 30
576 26
577 26
578 24
579 30
580 22
581 22
582 27
583 21
584 27
585 29
586 23
587 23
588 22
589 22
590 26
591 21
592 23
593 27
594 30
595 30
596 29
597 20
598 24
599 25
600 26
601 29
602 20
603 20
604 21
605 20
606 30
607 28
608 25
609 30
610 22
611 26
612 28
613 28
614 23
615 23
616 20
617 25
618 29
619 21
620 20
621 30
622 28
623 26
624 22
625 26
626 26
627 25
628 26
629 24
630 22
631 27
632 28
633 22
634 25
635 24
636 22
637 27
638 30
639 30
640 25
641 27
642 30
643 26
644 26
645 23
646 20
647 23
648 29
649 29
650 23
651 24
652 23
653 21
654 20
655 22
656 22
657 28
658 22
659 22
660 21
661 24
662 30
663 28
664 29
665 29
666 25
667 29
668 29
669 26
670 20
671 23
672 21
673 21
674 26
675 29
676 25
677 30
678 28
679 24
680 21
681 27
682 21
683 24
684 21
685 21
686 24
687 26
688 28
689 23
690 25
691 22
692 24
693 21
694 21
695 22
696 28
697 22
698 27
699 24
700 23
701 30
702 28
703 25
704 26
705 25
706 29
707 24
708 27
709 27
710 25
711 24
712 24
713 26
714 26
715 29
716 26
717 23
718 23
719 22
720 27
721 30
722 21
723 30
724 28
725 24
726 26
727 26
728 26
729 22
730 20
731 26
732 29
733 25
734 22
735 27

# Costs (c)
1 7
2 1
3 7
4 9
5 8
6 1
7 4
8 10
9 4
10 4
11 9
12 7
13 2
14 10
15 7
16 7
17 6
18 5
19 3
20 3
21 4
22 3
23 5
24 1
25 9
26 7
27 4
28 9
29 2
30 6
31 9
32 8
33 8
34 9
35 4
36 7
37 7
38 3
39 8
40 1
41 3
42 4
43 5
44 3
45 4
46 1
47 2
48 7
49 6
50 1
51 3
52 5
53 8
54 10
55 9
56 6
57 1
58 10
59 1
60 10
61 9
62 1
63 2
64 4
65 7
66 2
67 9
68 6
69 9
70 4
71 2
72 3
73 6
74 6
75 5
76 3
77 3
78 10
79 7
80 6
81 10
82 6
83 7
84 1
85 1
86 5
87 3
88 2
89 7
90 4
91 7
92 8
93 2
94 2
95 2
96 6
97 4
98 1
99 9
100 3
101 8
102 2
103 2
104 2
105 2
106 1
107 5
108 7
109 4
110 10
111 7
112 10
113 2
114 10
115 8
116 10
117 7
118 8
119 7
120 4
121 10
122 6
123 3
124 6
125 8
126 5
127 7
128 6
129 2
130 2
131 8
132 9
133 8
134 9
135 6
136 6
137 6
138 10
139 2
140 10
141 4
142 3
143 1
144 9
145 2
146 5
147 3
148 10
149 6
150 5
151 6
152 2
153 6
154 5
155 3
156 10
157 8
158 1
159 9
160 2
161 4
162 1
163 10
164 1
165 5
166 2
167 9
168 6
169 4
170 9
171 2
172 3
173 10
174 10
175 2
176 3
177 8
178 3
179 10
180 10
181 10
182 8
183 7
184 2
185 7
186 8
187 10
188 8
189 2
190 10
191 1
192 2
193 8
194 3
195 1
196 5
197 1
198 3
199 4
200 8
201 8
202 2
203 10
204 10
205 2
206 10
207 8
208 8
209 10
210 9
211 6
212 2
213 4
214 2
215 1
216 8
217 4
218 4
219 2
220 6
221 7
222 1
223 1
224 2
225 6
226 8
227 6
228 5
229 8
230 2
231 10
232 5
233 9
234 1
235 2
236 6
237 9
238 4
239 10
240 3
241 9
242 5
243 3
244 1
245 1
246 4
247 7
248 5
249 4
250 1
251 8
252 1
253 7
254 6
255 5
256 8
257 1
258 3
259 6
260 8
261 7
262 5
263 7
264 5
265 2
266 6
267 4
268 3
269 6
270 3
271 8
272 3
273 1
274 10
275 1
276 1
277 8
278 7
279 8
280 4
281 10
282 4
283 2
284 10
285 6
286 7
287 1
288 7
289 7
290 6
291 6
292 10
293 8
294 3
295 3
296 5
297 10
298 1
299 4
300 6
301 5
302 3
303 3
304 9
305 9
306 1
307 9
308 7
309 5
310 4
311 3
312 2
313 5
314 2
315 5
316 5
317 8
318 3
319 1
320 10
321 5
322 2
323 2
324 6
325 4
326 2
327 8
328 1
329 5
330 7
331 10
332 8
333 1
334 7
335 3
336 7
337 4
338 9
339 1
340 8
341 3
342 2
343 5
344 9
345 10
346 4
347 4
348 3
349 5
350 10
351 2
352 1
353 2
354 10
355 6
356 6
357 8
358 8
359 9
360 8
361 9
362 4
363 2
364 10
365 9
366 5
367 3
368 5
369 4
370 6
371 7
372 1
373 8
374 2
375 8
376 1
377 10
378 9
379 2
380 9
381 1
382 2
383 1
384 6
385 2
386 6
387 7
388 2
389 4
390 1
391 10
392 2
393 10
394 8
395 3
396 6
397 9
398 1
399 5
400 2
401 2
402 9
403 3
404 4
405 6
406 5
407 2
408 7
409 1
410 1
411 2
412 1
413 9
414 6
415 4
416 3
417 7
418 5
419 1
420 5
421 3
422 4
423 7
424 5
425 2
426 10
427 8
428 1
429 6
430 5
431 10
432 6
433 1
434 4
435 3
436 7
437 1
438 4
439 6
440 1
441 7
442 9
443 2
444 5
445 6
446 3
447 9
448 2
449 3
450 10
451 1
452 2
453 4
454 4
455 4
456 8
457 3
458 8
459 9
460 10
461 2
462 1
463 2
464 6
465 2
466 2
467 5
468 8
469 10
470 10
471 2
472 6
473 3
474 6
475 5
476 8
477 2
478 9
479 7
480 8
481 9
482 4
483 2
484 5
485 10
486 1
487 3
488 9
489 1
490 6
491 7
492 10
493 2
494 2
495 7
496 3
497 10
498 7
499 6
500 7
501 9
502 3
503 1
504 7
505 2
506 6
507 8
508 4
509 3
510 9
511 1
512 5
513 8
514 3
515 10
516 8
517 8
518 8
519 10
520 1
521 1
522 8
523 3
524 1
525 1
526 10
527 4
528 8
529 6
530 9
531 1
532 3
533 2
534 4
535 3
536 7
537 5
538 5
539 5
540 7
541 1
542 7
543 1
544 5
545 7
546 10
547 3
548 6
549 10
550 8
551 7
552 10
553 1
554 8
555 5
556 1
557 5
558 8
559 2
560 2
561 1
562 10
563 2
564 10
565 3
566 9
567 6
568 3
569 10
570 6
571 3
572 9
573 7
574 10
575 6
576 10
577 6
578 5
579 7
580 2
581 8
582 1
583 1
584 9
585 5
586 7
587 4
588 1
589 4
590 5
591 1
592 6
593 7
594 8
595 9
596 10
597 1
598 6
599 5
600 4
601 10
602 4
603 9
604 6
605 3
606 8
607 1
608 4
609 3
610 10
611 6
612 3
613 8
614 4
615 7
616 7
617 7
618 3
619 4
620 1
621 1
622 8
623 10
624 7
625 3
626 8
627 9
628 5
629 5
630 2
631 10
632 2
633 3
634 10
635 7
636 6
637 2
638 8
639 6
640 10
641 2
642 8
643 1
644 9
645 4
646 4
647 9
648 3
649 10
650 3
651 6
652 5
653 9
654 6
655 5
656 3
657 8
658 10
659 4
660 2
661 1
662 2
663 2
664 3
665 3
666 6
667 7
668 10
669 3
670 6
671 4
672 5
673 1
674 6
675 6
676 1
677 1
678 9
679 4
680 10
681 7
682 1
683 8
684 7
685 3
686 3
687 10
688 2
689 10
690 9
691 3
692 8
693 3
694 1
695 2
696 5
697 9
698 5
699 2
700 3
701 4
702 5
703 6
704 1
705 5
706 10
707 1
708 8
709 7
710 5
711 5
712 7
713 1
714 1
715 8
716 10
717 10
718 7
719 3
720 5
721 2
722 3
723 7
724 2
725 3
726 4
727 7
728 1
729 10
730 3
731 3
732 5
733 1
734 10
735 10

# Durations (p)
1 212
2 173
3 219
4 293
5 211
6 156
7 68
8 197
9 226
10 115
11 52
12 251
13 158
14 22
15 266
16 161
17 149
18 202
19 34
20 54
21 105
22 94
23 29
24 195
25 208
26 270
27 237
28 124
29 279
30 96
31 255
32 159
33 147
34 120
35 131
36 81
37 118
38 26
39 104
40 235
41 158
42 53
43 53
44 89
45 167
46 219
47 146
48 75
49 27
50 144
51 86
52 154
53 228
54 52
55 81
56 55
57 217
58 201
59 66
60 278
61 75
62 151
63 150
64 171
65 180
66 139
67 118
68 56
69 153
70 165
71 92
72 38
73 78
74 66
75 60
76 86
77 85
78 253
79 65
80 25
81 243
82 46
83 118
84 63
85 113
86 131
87 37
88 330
89 217
90 141
91 94
92 101
93 180
94 100
95 252
96 26
97 163
98 82
99 138
100 255
101 95
102 194
103 117
104 124
105 231
106 158
107 51
108 51
109 127
110 46
111 46
112 88
113 188
114 113
115 259
116 55
117 206
118 202
119 195
120 97
121 143
122 104
123 149
124 152
125 138
126 196
127 103
128 200
129 91
130 53
131 190
132 463
133 212
134 75
135 148
136 143
137 33
138 141
139 102
140 67
141 36
142 119
143 72
144 98
145 70
146 28
147 364
148 139
149 228
150 158
151 49
152 205
153 56
154 97
155 255
156 124
157 161
158 25
159 100
160 59
161 182
162 63
163 80
164 44
165 236
166 103
167 31
168 98
169 192
170 33
171 320
172 104
173 22
174 187
175 66
176 116
177 198
178 117
179 66
180 50
181 181
182 230
183 130
184 126
185 159
186 101
187 165
188 66
189 21
190 144
191 64
192 173
193 72
194 167
195 30
196 49
197 91
198 145
199 176
200 268
201 23
202 147
203 296
204 118
205 35
206 176
207 261
208 274
209 232
210 181
211 284
212 119
213 206
214 68
215 180
216 52
217 35
218 243
219 203
220 234
221 28
222 44
223 332
224 185
225 174
226 101
227 86
228 67
229 78
230 151
231 70
232 146
233 38
234 192
235 299
236 45
237 268
238 109
239 142
240 157
241 94
242 51
243 90
244 128
245 157
246 120
247 90
248 231
249 133
250 78
251 125
252 188
253 212
254 24
255 51
256 130
257 48
258 138
259 185
260 236
261 92
262 161
263 133
264 73
265 98
266 44
267 141
268 131
269 81
270 60
271 65
272 153
273 210
274 32
275 108
276 305
277 189
278 107
279 67
280 105
281 208
282 204
283 170
284 62
285 103
286 140
287 78
288 92
289 90
290 54
291 268
292 132
293 30
294 210
295 188
296 69
297 112
298 59
299 282
300 231
301 67
302 81
303 99
304 123
305 267
306 298
307 91
308 104
309 102
310 113
311 40
312 34
313 45
314 109
315 113
316 118
317 259
318 151
319 45
320 261
321 47
322 60
323 32
324 31
325 89
326 215
327 255
328 234
329 173
330 116
331 91
332 78
333 52
334 147
335 131
336 23
337 174
338 164
339 155
340 161
341 127
342 50
343 49
344 50
345 37
346 205
347 151
348 123
349 153
350 174
351 127
352 160
353 61
354 95
355 84
356 156
357 162
358 73
359 186
360 164
361 208
362 106
363 31
364 337
365 230
366 244
367 179
368 130
369 37
370 210
371 316
372 51
373 118
374 127
375 81
376 97
377 122
378 88
379 44
380 56
381 111
382 28
383 288
384 45
385 70
386 32
387 167
388 261
389 74
390 32
391 81
392 113
393 199
394 79
395 165
396 321
397 307
398 146
399 29
400 194
401 232
402 104
403 283
404 140
405 42
406 188
407 150
408 24
409 40
410 141
411 46
412 259
413 98
414 31
415 38
416 145
417 113
418 73
419 196
420 40
421 135
422 35
423 38
424 170
425 132
426 167
427 162
428 46
429 300
430 47
431 31
432 30
433 211
434 168
435 133
436 165
437 104
438 99
439 105
440 215
441 115
442 137
443 150
444 175
445 106
446 117
447 28
448 166
449 74
450 230
451 179
452 146
453 166
454 85
455 264
456 31
457 54
458 185
459 74
460 343
461 260
462 192
463 135
464 130
465 72
466 89
467 228
468 271
469 191
470 121
471 96
472 81
473 58
474 53
475 329
476 66
477 171
478 50
479 61
480 220
481 235
482 159
483 302
484 254
485 107
486 145
487 213
488 146
489 78
490 188
491 129
492 34
493 61
494 98
495 247
496 212
497 81
498 92
499 109
500 152
501 27
502 185
503 250
504 116
505 194
506 61
507 44
508 41
509 49
510 228
511 237
512 42
513 59
514 256
515 129
516 144
517 45
518 219
519 154
520 71
521 155
522 21
523 76
524 62
525 106
526 175
527 257
528 174
529 265
530 155
531 233
532 270
533 286
534 111
535 165
536 49
537 201
538 64
539 80
540 50
541 112
542 188
543 199
544 67
545 149
546 107
547 119
548 55
549 89
550 125
551 111
552 57
553 210
554 53
555 106
556 246
557 24
558 153
559 144
560 153
561 34
562 159
563 167
564 191
565 199
566 62
567 47
568 208
569 190
570 51
571 71
572 240
573 73
574 135
575 137
576 252
577 78
578 120
579 139
580 54
581 194
582 49
583 103
584 93
585 152
586 48
587 216
588 67
589 122
590 99
591 35
592 184
593 140
594 209
595 45
596 42
597 127
598 226
599 172
600 193
601 80
602 123
603 143
604 115
605 130
606 185
607 95
608 251
609 154
610 156
611 186
612 127
613 130
614 124
615 162
616 254
617 170
618 209
619 172
620 175
621 139
622 91
623 24
624 29
625 141
626 76
627 31
628 33
629 171
630 185
631 44
632 60
633 69
634 166
635 70
636 75
637 76
638 115
639 145
640 96
641 227
642 110
643 90
644 127
645 180
646 115
647 185
648 137
649 49
650 33
651 131
652 126
653 167
654 193
655 152
656 195
657 252
658 139
659 144
660 150
661 305
662 127
663 213
664 106
665 168
666 162
667 133
668 155
669 233
670 80
671 79
672 158
673 167
674 90
675 67
676 98
677 264
678 24
679 193
680 308
681 148
682 145
683 63
684 235
685 197
686 33
687 92
688 52
689 110
690 43
691 70
692 174
693 78
694 134
695 321
696 105
697 21
698 34
699 103
700 174
701 70
702 179
703 132
704 48
705 172
706 22
707 92
708 181
709 166
710 200
711 240
712 211
713 217
714 166
715 89
716 169
717 346
718 100
719 223
720 276
721 185
722 31
723 32
724 68
725 167
726 159
727 123
728 153
729 247
730 70
731 37
732 108
733 38
734 25
735 284

orderrules
1 153 au000 avant au152
2 153 au001 avant au152
3 153 au002 avant au152
4 226 au003 avant au225
5 63 au004 avant au062
6 63 au005 avant au062
7 257 au006 avant au256
8 308 au007 avant au307
9 158 au008 avant au157
11 24 au010 avant au023
11 27 au010 avant au026
11 34 au010 avant au033
12 30 au011 avant au029
13 39 au012 avant au038
14 40 au013 avant au039
15 33 au014 avant au032
17 25 au016 avant au024
17 32 au016 avant au031
18 36 au017 avant au035
18 38 au017 avant au037
19 23 au018 avant au022
19 26 au018 avant au025
20 31 au019 avant au030
20 35 au019 avant au034
20 37 au019 avant au036
21 28 au020 avant au027
22 29 au021 avant au028
23 153 au022 avant au152
24 226 au023 avant au225
25 63 au024 avant au062
26 63 au025 avant au062
27 63 au026 avant au062
28 63 au027 avant au062
29 257 au028 avant au256
30 158 au029 avant au157
31 52 au030 avant au051
32 45 au031 avant au044
32 60 au031 avant au059
33 42 au032 avant au041
33 49 au032 avant au048
33 53 au032 avant au052
33 54 au032 avant au053
33 99 au032 avant au098
34 41 au033 avant au040
34 51 au033 avant au050
34 59 au033 avant au058
35 57 au034 avant au056
36 43 au035 avant au042
37 46 au036 avant au045
37 48 au036 avant au047
37 56 au036 avant au055
38 47 au037 avant au046
38 50 au037 avant au049
38 58 au037 avant au057
39 44 au038 avant au043
39 55 au038 avant au054
40 580 au039 avant au579
41 226 au040 avant au225
42 226 au041 avant au225
43 63 au042 avant au062
44 257 au043 avant au256
45 631 au044 avant au630
46 62 au045 avant au061
47 61 au046 avant au060
47 65 au046 avant au064
47 76 au046 avant au075
49 69 au048 avant au068
53 66 au052 avant au065
53 74 au052 avant au073
54 73 au053 avant au072
55 71 au054 avant au070
56 67 au055 avant au066
57 72 au056 avant au071
59 68 au058 avant au067
59 70 au058 avant au069
59 240 au058 avant au239
60 64 au059 avant au063
60 75 au059 avant au074
61 153 au060 avant au152
62 153 au061 avant au152
63 78 au062 avant au077
63 79 au062 avant au078
63 80 au062 avant au079
63 81 au062 avant au080
63 82 au062 avant au081
63 83 au062 avant au082
64 158 au063 avant au157
65 158 au064 avant au157
67 90 au066 avant au089
68 88 au067 avant au087
68 92 au067 avant au091
68 95 au067 avant au094
68 96 au067 avant au095
69 91 au068 avant au090
70 86 au069 avant au085
70 98 au069 avant au097
71 84 au070 avant au083
71 93 au070 avant au092
71 94 au070 avant au093
72 87 au071 avant au086
72 97 au071 avant au096
73 85 au072 avant au084
75 77 au074 avant au076
76 89 au075 avant au088
77 153 au076 avant au152
78 101 au077 avant au100
78 109 au077 avant au108
80 111 au079 avant au110
81 112 au080 avant au111
81 116 au080 avant au115
81 320 au080 avant au319
85 102 au084 avant au101
86 117 au085 avant au116
87 103 au086 avant au102
89 115 au088 avant au114
89 162 au088 avant au161
90 104 au089 avant au103
90 105 au089 avant au104
90 106 au089 avant au105
92 113 au091 avant au112
94 100 au093 avant au099
94 110 au093 avant au109
94 114 au093 avant au113
97 107 au096 avant au106
98 99 au097 avant au098
98 108 au097 avant au107
99 153 au098 avant au152
100 436 au099 avant au435
101 158 au100 avant au157
102 551 au101 avant au550
103 128 au102 avant au127
103 129 au102 avant au128
104 124 au103 avant au123
104 125 au103 avant au124
106 120 au105 avant au119
106 127 au105 avant au126
109 119 au108 avant au118
109 131 au108 avant au130
110 118 au109 avant au117
111 121 au110 avant au120
111 130 au110 avant au129
112 122 au111 avant au121
114 379 au113 avant au378
115 123 au114 avant au122
115 422 au114 avant au421
117 126 au116 avant au125
118 153 au117 avant au152
119 226 au118 avant au225
120 458 au119 avant au457
121 158 au120 avant au157
122 141 au121 avant au140
122 143 au121 avant au142
123 133 au122 avant au132
123 138 au122 avant au137
123 142 au122 avant au141
123 145 au122 avant au144
124 151 au123 avant au150
125 134 au124 avant au133
125 150 au124 avant au149
126 132 au125 avant au131
126 136 au125 avant au135
126 139 au125 avant au138
126 152 au125 avant au151
127 148 au126 avant au147
127 149 au126 avant au148
129 137 au128 avant au136
129 147 au128 avant au146
130 146 au129 avant au145
131 135 au130 avant au134
131 140 au130 avant au139
131 144 au130 avant au143
132 153 au131 avant au152
133 226 au132 avant au225
135 630 au134 avant au629
136 308 au135 avant au307
137 158 au136 avant au157
138 158 au137 avant au157
139 168 au138 avant au167
141 155 au140 avant au154
141 161 au140 avant au160
144 154 au143 avant au153
144 164 au143 avant au163
145 156 au144 avant au155
145 159 au144 avant au158
146 163 au145 avant au162
147 162 au146 avant au161
147 166 au146 avant au165
148 160 au147 avant au159
149 157 au148 avant au156
151 167 au150 avant au166
152 165 au151 avant au164
153 169 au152 avant au168
153 170 au152 avant au169
153 171 au152 avant au170
153 172 au152 avant au171
153 173 au152 avant au172
153 174 au152 avant au173
153 187 au152 avant au186
154 226 au153 avant au225
155 630 au154 avant au629
156 436 au155 avant au435
157 436 au156 avant au435
158 175 au157 avant au174
158 176 au157 avant au175
158 177 au157 avant au176
158 178 au157 avant au177
158 179 au157 avant au178
158 180 au157 avant au179
158 186 au157 avant au185
159 181 au158 avant au180
161 390 au160 avant au389
162 184 au161 avant au183
162 185 au161 avant au184
163 182 au162 avant au181
163 183 au162 avant au182
167 188 au166 avant au187
169 191 au168 avant au190
169 193 au168 avant au192
169 201 au168 avant au200
172 199 au171 avant au198
172 208 au171 avant au207
172 209 au171 avant au208
174 197 au173 avant au196
174 557 au173 avant au556
177 401 au176 avant au400
178 200 au177 avant au199
179 206 au178 avant au205
179 207 au178 avant au206
181 189 au180 avant au188
181 194 au180 avant au193
181 302 au180 avant au301
182 190 au181 avant au189
183 196 au182 avant au195
184 192 au183 avant au191
185 195 au184 avant au194
186 527 au185 avant au526
187 198 au186 avant au197
187 202 au186 avant au201
187 203 au186 avant au202
188 204 au187 avant au203
188 205 au187 avant au204
189 226 au188 avant au225
190 308 au189 avant au307
191 631 au190 avant au630
192 631 au191 avant au630
193 614 au192 avant au613
197 220 au196 avant au219
197 223 au196 avant au222
198 210 au197 avant au209
200 215 au199 avant au214
201 213 au200 avant au212
201 219 au200 avant au218
202 217 au201 avant au216
202 221 au201 avant au220
203 225 au202 avant au224
204 224 au203 avant au223
205 216 au204 avant au215
205 222 au204 avant au221
206 212 au205 avant au211
207 214 au206 avant au213
209 211 au208 avant au210
209 218 au208 avant au217
210 226 au209 avant au225
211 308 au210 avant au307
212 436 au211 avant au435
213 230 au212 avant au229
213 231 au212 avant au230
213 232 au212 avant au231
213 238 au212 avant au237
213 247 au212 avant au246
213 521 au212 avant au520
216 240 au215 avant au239
216 243 au215 avant au242
217 242 au216 avant au241
218 244 au217 avant au243
219 227 au218 avant au226
220 234 au219 avant au233
220 236 au219 avant au235
222 229 au221 avant au228
222 233 au221 avant au232
222 235 au221 avant au234
222 237 au221 avant au236
222 239 au221 avant au238
222 241 au221 avant au240
223 246 au222 avant au245
223 248 au222 avant au247
225 228 au224 avant au227
225 245 au224 avant au244
225 337 au224 avant au336
226 249 au225 avant au248
226 250 au225 avant au249
226 251 au225 avant au250
226 252 au225 avant au251
226 253 au225 avant au252
226 254 au225 avant au253
226 255 au225 avant au254
226 256 au225 avant au255
226 386 au225 avant au385
227 257 au226 avant au256
228 728 au227 avant au727
229 631 au228 avant au630
230 261 au229 avant au260
230 267 au229 avant au266
231 258 au230 avant au257
233 270 au232 avant au269
234 263 au233 avant au262
234 269 au233 avant au268
239 262 au238 avant au261
239 265 au238 avant au264
240 259 au239 avant au258
241 266 au240 avant au265
242 264 au241 avant au263
243 271 au242 avant au270
245 629 au244 avant au628
246 458 au245 avant au457
248 260 au247 avant au259
248 268 au247 avant au267
251 282 au250 avant au281
252 278 au251 avant au277
252 284 au251 avant au283
254 279 au253 avant au278
255 283 au254 avant au282
257 272 au256 avant au271
257 273 au256 avant au272
257 274 au256 avant au273
257 275 au256 avant au274
257 276 au256 avant au275
257 285 au256 avant au284
258 458 au257 avant au457
259 287 au258 avant au286
264 288 au263 avant au287
265 286 au264 avant au285
265 583 au264 avant au582
266 280 au265 avant au279
267 361 au266 avant au360
269 281 au268 avant au280
269 289 au268 avant au288
269 400 au268 avant au399
270 277 au269 avant au276
271 319 au270 avant au318
272 436 au271 avant au435
273 458 au272 avant au457
274 294 au273 avant au293
274 299 au273 avant au298
275 290 au274 avant au289
275 291 au274 avant au290
278 301 au277 avant au300
279 511 au278 avant au510
280 296 au279 avant au295
280 305 au279 avant au304
281 300 au280 avant au299
282 293 au281 avant au292
282 295 au281 avant au294
285 297 au284 avant au296
286 302 au285 avant au301
287 292 au286 avant au291
288 303 au287 avant au302
288 306 au287 avant au305
289 298 au288 avant au297
289 304 au288 avant au303
290 308 au289 avant au307
291 458 au290 avant au457
292 631 au291 avant au630
293 319 au292 avant au318
295 310 au294 avant au309
296 313 au295 avant au312
297 311 au296 avant au310
297 322 au296 avant au321
298 309 au297 avant au308
298 314 au297 avant au313
298 318 au297 avant au317
301 312 au300 avant au311
301 321 au300 avant au320
301 460 au300 avant au459
302 315 au301 avant au314
303 645 au302 avant au644
304 320 au303 avant au319
305 316 au304 avant au315
305 317 au304 avant au316
306 307 au305 avant au306
308 324 au307 avant au323
308 325 au307 avant au324
308 326 au307 avant au325
308 327 au307 avant au326
308 328 au307 avant au327
309 332 au308 avant au331
309 338 au308 avant au337
311 323 au310 avant au322
311 330 au310 avant au329
312 331 au311 avant au330
312 336 au311 avant au335
313 333 au312 avant au332
314 329 au313 avant au328
316 339 au315 avant au338
316 341 au315 avant au340
321 568 au320 avant au567
322 334 au321 avant au333
322 335 au321 avant au334
322 337 au321 avant au336
322 340 au321 avant au339
325 352 au324 avant au351
326 346 au325 avant au345
327 342 au326 avant au341
328 347 au327 avant au346
329 458 au328 avant au457
330 344 au329 avant au343
331 348 au330 avant au347
333 343 au332 avant au342
333 351 au332 avant au350
333 357 au332 avant au356
334 349 au333 avant au348
335 353 au334 avant au352
339 345 au338 avant au344
339 355 au338 avant au354
339 356 au338 avant au355
340 350 au339 avant au349
341 354 au340 avant au353
342 458 au341 avant au457
343 358 au342 avant au357
345 366 au344 avant au365
345 372 au344 avant au371
345 374 au344 avant au373
346 377 au345 avant au376
350 360 au349 avant au359
350 363 au349 avant au362
350 367 au349 avant au366
350 369 au349 avant au368
350 370 au349 avant au369
350 375 au349 avant au374
351 364 au350 avant au363
353 359 au352 avant au358
353 715 au352 avant au714
354 365 au353 avant au364
354 376 au353 avant au375
355 371 au354 avant au370
355 373 au354 avant au372
356 361 au355 avant au360
357 362 au356 avant au361
357 368 au356 avant au367
359 614 au358 avant au613
360 386 au359 avant au385
360 390 au359 avant au389
362 380 au361 avant au379
362 383 au361 avant au382
362 391 au361 avant au390
363 379 au362 avant au378
364 378 au363 avant au377
364 393 au363 avant au392
368 382 au367 avant au381
368 384 au367 avant au383
368 385 au367 avant au384
370 387 au369 avant au386
370 389 au369 avant au388
372 687 au371 avant au686
373 396 au372 avant au395
374 381 au373 avant au380
374 392 au373 avant au391
374 394 au373 avant au393
375 395 au374 avant au394
376 388 au375 avant au387
378 630 au377 avant au629
379 549 au378 avant au548
380 402 au379 avant au401
381 414 au380 avant au413
382 408 au381 avant au407
383 399 au382 avant au398
385 412 au384 avant au411
386 397 au385 avant au396
386 413 au385 avant au412
387 410 au386 avant au409
388 406 au387 avant au405
389 400 au388 avant au399
389 411 au388 avant au410
391 398 au390 avant au397
391 404 au390 avant au403
391 405 au390 avant au404
391 409 au390 avant au408
394 401 au393 avant au400
396 403 au395 avant au402
396 407 au395 avant au406
397 728 au396 avant au727
399 423 au398 avant au422
401 421 au400 avant au420
402 417 au401 avant au416
402 420 au401 avant au419
402 430 au401 avant au429
403 415 au402 avant au414
404 428 au403 avant au427
405 419 au404 avant au418
406 427 au405 avant au426
406 434 au405 avant au433
407 425 au406 avant au424
407 431 au406 avant au430
407 433 au406 avant au432
408 418 au407 avant au417
408 643 au407 avant au642
410 432 au409 avant au431
413 426 au412 avant au425
413 429 au412 avant au428
414 416 au413 avant au415
414 422 au413 avant au421
414 424 au413 avant au423
416 630 au415 avant au629
417 436 au416 avant au435
418 436 au417 avant au435
419 614 au418 avant au613
420 441 au419 avant au440
420 443 au419 avant au442
422 442 au421 avant au441
425 438 au424 avant au437
426 446 au425 avant au445
427 448 au426 avant au447
427 452 au426 avant au451
427 453 au426 avant au452
428 444 au427 avant au443
428 450 au427 avant au449
429 439 au428 avant au438
429 447 au428 avant au446
429 451 au428 avant au450
432 435 au431 avant au434
432 440 au431 avant au439
433 437 au432 avant au436
433 445 au432 avant au444
433 449 au432 avant au448
436 454 au435 avant au453
436 455 au435 avant au454
436 456 au435 avant au455
436 457 au435 avant au456
437 458 au436 avant au457
439 462 au438 avant au461
439 470 au438 avant au469
440 465 au439 avant au464
440 704 au439 avant au703
441 460 au440 avant au459
442 464 au441 avant au463
442 466 au441 avant au465
442 469 au441 avant au468
443 472 au442 avant au471
444 463 au443 avant au462
447 459 au446 avant au458
449 468 au448 avant au467
450 461 au449 avant au460
453 467 au452 avant au466
453 471 au452 avant au470
456 493 au455 avant au492
457 485 au456 avant au484
458 474 au457 avant au473
458 475 au457 avant au474
458 476 au457 avant au475
458 477 au457 avant au476
458 478 au457 avant au477
458 479 au457 avant au478
458 480 au457 avant au479
458 481 au457 avant au480
458 486 au457 avant au485
458 492 au457 avant au491
461 494 au460 avant au493
463 482 au462 avant au481
464 483 au463 avant au482
464 489 au463 avant au488
466 490 au465 avant au489
466 495 au465 avant au494
467 488 au466 avant au487
468 484 au467 avant au483
469 487 au468 avant au486
470 473 au469 avant au472
471 491 au470 avant au490
471 605 au470 avant au604
473 549 au472 avant au548
474 498 au473 avant au497
474 503 au473 avant au502
475 504 au474 avant au503
476 502 au475 avant au501
477 505 au476 avant au504
478 501 au477 avant au500
479 496 au478 avant au495
479 506 au478 avant au505
480 511 au479 avant au510
483 500 au482 avant au499
486 507 au485 avant au506
489 499 au488 avant au498
490 512 au489 avant au511
492 510 au491 avant au509
495 497 au494 avant au496
495 508 au494 avant au507
495 509 au494 avant au508
496 549 au495 avant au548
500 521 au499 avant au520
500 527 au499 avant au526
501 599 au500 avant au598
502 522 au501 avant au521
507 516 au506 avant au515
507 518 au506 avant au517
507 520 au506 avant au519
507 525 au506 avant au524
507 526 au506 avant au525
508 523 au507 avant au522
509 514 au508 avant au513
509 517 au508 avant au516
510 519 au509 avant au518
511 513 au510 avant au512
511 524 au510 avant au523
512 515 au511 avant au514
513 630 au512 avant au629
514 534 au513 avant au533
515 536 au514 avant au535
515 542 au514 avant au541
515 543 au514 avant au542
516 528 au515 avant au527
517 538 au516 avant au537
518 529 au517 avant au528
518 531 au517 avant au530
518 548 au517 avant au547
519 547 au518 avant au546
520 541 au519 avant au540
521 532 au520 avant au531
521 533 au520 avant au532
522 530 au521 avant au529
522 537 au521 avant au536
522 540 au521 avant au539
523 546 au522 avant au545
524 544 au523 avant au543
525 535 au524 avant au534
526 539 au525 avant au538
526 545 au525 avant au544
528 549 au527 avant au548
529 549 au528 avant au548
530 614 au529 avant au613
531 550 au530 avant au549
531 563 au530 avant au562
532 555 au531 avant au554
532 557 au531 avant au556
532 560 au531 avant au559
533 559 au532 avant au558
535 562 au534 avant au561
536 552 au535 avant au551
536 558 au535 avant au557
536 566 au535 avant au565
536 629 au535 avant au628
537 554 au536 avant au553
537 561 au536 avant au560
540 556 au539 avant au555
542 567 au541 avant au566
543 564 au542 avant au563
544 568 au543 avant au567
545 551 au544 avant au550
545 553 au544 avant au552
548 565 au547 avant au564
549 569 au548 avant au568
549 570 au548 avant au569
549 571 au548 avant au570
549 572 au548 avant au571
549 573 au548 avant au572
549 574 au548 avant au573
549 575 au548 avant au574
549 576 au548 avant au575
549 577 au548 avant au576
549 588 au548 avant au587
550 590 au549 avant au589
552 578 au551 avant au577
553 580 au552 avant au579
553 584 au552 avant au583
553 587 au552 avant au586
554 581 au553 avant au580
556 588 au555 avant au587
558 582 au557 avant au581
559 586 au558 avant au585
561 583 au560 avant au582
561 585 au560 avant au584
562 589 au561 avant au588
565 591 au564 avant au590
566 579 au565 avant au578
569 598 au568 avant au597
570 592 au569 avant au591
571 593 au570 avant au592
572 600 au571 avant au599
574 602 au573 avant au601
574 606 au573 avant au605
576 595 au575 avant au594
577 604 au576 avant au603
579 601 au578 avant au600
582 607 au581 avant au606
583 599 au582 avant au598
583 603 au582 avant au602
583 610 au582 avant au609
585 605 au584 avant au604
586 594 au585 avant au593
586 608 au585 avant au607
586 609 au585 avant au608
588 596 au587 avant au595
590 597 au589 avant au596
592 614 au591 avant au613
593 614 au592 avant au613
594 611 au593 avant au610
594 615 au593 avant au614
595 622 au594 avant au621
598 625 au597 avant au624
598 678 au597 avant au677
599 619 au598 avant au618
600 612 au599 avant au611
601 613 au600 avant au612
603 623 au602 avant au622
603 626 au602 avant au625
603 627 au602 avant au626
603 709 au602 avant au708
604 629 au603 avant au628
605 621 au604 avant au620
605 628 au604 avant au627
607 617 au606 avant au616
608 620 au607 avant au619
608 624 au607 avant au623
610 616 au609 avant au615
610 618 au609 avant au617
611 630 au610 avant au629
612 728 au611 avant au727
613 631 au612 avant au630
614 632 au613 avant au631
614 633 au613 avant au632
614 634 au613 avant au633
614 635 au613 avant au634
614 636 au613 avant au635
614 637 au613 avant au636
615 652 au614 avant au651
616 647 au615 avant au646
617 641 au616 avant au640
617 653 au616 avant au652
619 639 au618 avant au638
619 644 au618 avant au643
619 648 au618 avant au647
619 650 au618 avant au649
620 646 au619 avant au645
621 638 au620 avant au637
622 642 au621 avant au641
622 643 au621 avant au642
624 645 au623 avant au644
625 640 au624 avant au639
628 649 au627 avant au648
629 651 au628 avant au650
630 656 au629 avant au655
630 657 au629 avant au656
630 658 au629 avant au657
630 659 au629 avant au658
630 660 au629 avant au659
630 661 au629 avant au660
630 662 au629 avant au661
630 663 au629 avant au662
630 664 au629 avant au663
630 665 au629 avant au664
630 666 au629 avant au665
630 667 au629 avant au666
630 668 au629 avant au667
630 669 au629 avant au668
630 686 au629 avant au685
631 670 au630 avant au669
631 671 au630 avant au670
631 672 au630 avant au671
631 673 au630 avant au672
631 674 au630 avant au673
631 675 au630 avant au674
631 676 au630 avant au675
631 677 au630 avant au676
633 655 au632 avant au654
640 654 au639 avant au653
640 679 au639 avant au678
640 684 au639 avant au683
641 681 au640 avant au680
641 685 au640 avant au684
642 687 au641 avant au686
644 678 au643 avant au677
644 682 au643 avant au681
646 683 au645 avant au682
649 680 au648 avant au679
650 688 au649 avant au687
657 698 au656 avant au697
657 704 au656 avant au703
658 693 au657 avant au692
659 689 au658 avant au688
661 707 au660 avant au706
667 706 au666 avant au705
669 694 au668 avant au693
669 701 au668 avant au700
670 691 au669 avant au690
671 705 au670 avant au704
674 692 au673 avant au691
674 696 au673 avant au695
674 697 au673 avant au696
677 695 au676 avant au694
677 702 au676 avant au701
683 700 au682 avant au699
683 703 au682 avant au702
684 699 au683 avant au698
685 690 au684 avant au689
690 728 au689 avant au727
691 720 au690 avant au719
691 723 au690 avant au722
692 715 au691 avant au714
695 710 au694 avant au709
695 713 au694 avant au712
696 716 au695 avant au715
697 721 au696 avant au720
698 724 au697 avant au723
699 714 au698 avant au713
699 718 au698 avant au717
700 719 au699 avant au718
700 726 au699 avant au725
701 725 au700 avant au724
703 711 au702 avant au710
704 717 au703 avant au716
705 708 au704 avant au707
705 712 au704 avant au711
705 722 au704 avant au721
707 709 au706 avant au708
708 728 au707 avant au727
710 729 au709 avant au728
714 727 au713 avant au726
715 730 au714 avant au729
715 733 au714 avant au732
716 735 au715 avant au734
722 731 au721 avant au730
723 732 au722 avant au731
726 734 au725 avant au733
