# Components (V)
1 2 3 4 5 6 7 8 9 10 11 12 13 14 15 16 17 18 19 20

# Precedence arcs (E)
1 14
2 5
2 6
3 13
4 7
4 10
5 7
5 8
5 10
6 9
6 10
7 14
8 14
9 13
10 11
10 12
10 13
11 14
12 14
13 15
13 16
14 17
14 18
14 19
14 20

# Target components (T)
16

# Revenues (r)
1 28
2 20
3 22
4 27
5 27
6 24
7 30
8 23
9 30
10 21
11 29
12 20
13 29
14 21
15 28
16 22
17 25
18 27
19 24
20 27

# Costs (c)
1 3
2 8
3 3
4 1
5 10
6 7
7 3
8 2
9 9
10 3
11 7
12 4
13 4
14 10
15 10
16 3
17 3
18 3
19 4
20 9

# Durations (p)
1 444
2 358
3 401
4 439
5 473
6 460
7 413
8 579
9 483
10 482
11 432
12 689
13 424
14 563
15 420
16 729
17 360
18 430
19 346
20 523

orderrules
1 14 au000 avant au013
2 5 au001 avant au004
2 6 au001 avant au005
3 13 au002 avant au012
4 7 au003 avant au006
4 10 au003 avant au009
5 7 au004 avant au006
5 8 au004 avant au007
5 10 au004 avant au009
6 9 au005 avant au008
6 10 au005 avant au009
7 14 au006 avant au013
8 14 au007 avant au013
9 13 au008 avant au012
10 11 au009 avant au010
10 12 au009 avant au011
10 13 au009 avant au012
11 14 au010 avant au013
12 14 au011 avant au013
13 15 au012 avant au014
13 16 au012 avant au015
14 17 au013 avant au016
14 18 au013 avant au017
14 19 au013 avant au018
14 20 au013 avant au019
