# Components (V)
1 2 3 4 5 6 7 8 9 10 11 12 13 14 15 16 17 18 19 20

# Precedence arcs (E)
1 13
2 6
3 4
3 5
3 6
4 13
5 7
5 9
5 11
6 7
6 8
7 10
7 12
8 10
8 11
9 15
10 13
11 13
12 14
12 15
13 16
13 17
13 18
13 19
14 20

# Target components (T)
20 16 15

# Revenues (r)
1 26
2 21
3 21
4 20
5 23
6 20
7 30
8 21
9 23
10 24
11 29
12 22
13 29
14 29
15 28
16 21
17 30
18 23
19 30
20 20

# Costs (c)
1 8
2 8
3 10
4 2
5 8
6 8
7 5
8 7
9 1
10 7
11 7
12 6
13 3
14 3
15 5
16 2
17 10
18 6
19 9
20 3

# Durations (p)
1 76
2 27
3 119
4 79
5 64
6 186
7 63
8 212
9 112
10 35
11 292
12 278
13 149
14 286
15 28
16 172
17 37
18 143
19 284
20 261

orderrules
1 13 au000 avant au012
2 6 au001 avant au005
3 4 au002 avant au003
3 5 au002 avant au004
3 6 au002 avant au005
4 13 au003 avant au012
5 7 au004 avant au006
5 9 au004 avant au008
5 11 au004 avant au010
6 7 au005 avant au006
6 8 au005 avant au007
7 10 au006 avant au009
7 12 au006 avant au011
8 10 au007 avant au009
8 11 au007 avant au010
9 15 au008 avant au014
10 13 au009 avant au012
11 13 au010 avant au012
12 14 au011 avant au013
12 15 au011 avant au014
13 16 au012 avant au015
13 17 au012 avant au016
13 18 au012 avant au017
13 19 au012 avant au018
14 20 au013 avant au019
