# Components (V)
1 2 3 4 5 6 7 8 9 10 11 12 13 14 15 16 17 18 19 20 21 22 23 24 25 26 27 28 29 30 31 32 33 34 35 36 37 38 39 40 41 42 43 44 45 46 47 48 49 50 51 52 53 54 55 56 57 58 59 60 61 62 63 64 65 66 67 68 69 70 71 72 73 74 75 76 77 78 79 80 81 82 83 84 85 86 87 88 89 90 91 92 93 94 95 96 97 98 99 100

# Precedence arcs (E)
1 13
2 13
3 13
4 13
5 13
6 13
7 15
8 14
8 17
9 12
9 63
11 16
11 18
12 82
13 19
13 20
13 21
13 22
13 23
13 24
13 25
13 26
14 27
15 28
16 29
17 30
18 31
20 35
22 33
23 69
25 32
25 79
25 80
26 37
27 34
31 35
31 36
32 82
33 82
34 38
35 39
35 40
35 42
36 41
36 43
36 44
38 82
39 45
41 47
43 48
43 49
44 46
45 50
46 51
46 53
46 54
47 54
48 52
48 55
50 57
51 58
52 56
52 61
52 89
54 59
54 60
54 62
54 63
55 64
56 65
57 70
58 67
59 66
60 71
61 72
62 73
63 68
64 69
65 76
66 77
67 79
68 75
68 80
69 74
69 78
72 81
74 82
75 83
76 84
77 86
78 85
80 88
80 89
81 87
82 90
82 91
82 92
82 93
82 94
82 95
82 96
82 97
83 99
84 98
85 99
89 100

# Target components (T)
93

# Revenues (r)
1 27
2 20
3 24
4 29
5 20
6 30
7 26
8 29
9 30
10 23
11 27
12 25
13 26
14 25
15 30
16 30
17 28
18 30
19 30
20 21
21 20
22 27
23 27
24 20
25 22
26 26
27 22
28 25
29 22
30 28
31 24
32 26
33 27
34 24
35 24
36 21
37 30
38 25
39 25
40 30
41 29
42 23
43 21
44 24
45 25
46 24
47 29
48 23
49 29
50 25
51 29
52 23
53 28
54 27
55 21
56 24
57 29
58 24
59 29
60 26
61 21
62 22
63 21
64 22
65 29
66 30
67 26
68 27
69 28
70 30
71 26
72 26
73 26
74 24
75 30
76 29
77 21
78 22
79 21
80 27
81 22
82 21
83 21
84 22
85 24
86 20
87 28
88 28
89 25
90 24
91 27
92 25
93 29
94 30
95 23
96 28
97 21
98 24
99 22
100 30

# Costs (c)
1 10
2 5
3 7
4 10
5 1
6 4
7 4
8 10
9 10
10 2
11 2
12 1
13 2
14 9
15 5
16 5
17 5
18 4
19 9
20 3
21 6
22 8
23 9
24 8
25 10
26 6
27 4
28 10
29 7
30 5
31 4
32 8
33 8
34 5
35 7
36 3
37 10
38 6
39 4
40 7
41 3
42 7
43 7
44 3
45 1
46 1
47 3
48 4
49 5
50 4
51 1
52 7
53 4
54 8
55 6
56 8
57 9
58 5
59 10
60 2
61 10
62 3
63 7
64 10
65 10
66 4
67 8
68 1
69 1
70 1
71 8
72 9
73 10
74 9
75 5
76 10
77 3
78 7
79 6
80 9
81 6
82 7
83 9
84 2
85 5
86 9
87 3
88 3
89 8
90 8
91 10
92 9
93 6
94 9
95 7
96 7
97 8
98 4
99 3
100 6

# Durations (p)
1 132
2 200
3 35
4 144
5 129
6 46
7 218
8 98
9 179
10 28
11 29
12 126
13 188
14 174
15 88
16 221
17 281
18 57
19 57
20 231
21 119
22 41
23 78
24 136
25 208
26 266
27 122
28 29
29 96
30 266
31 56
32 137
33 190
34 30
35 278
36 81
37 57
38 119
39 80
40 52
41 31
42 73
43 64
44 177
45 168
46 212
47 108
48 140
49 41
50 246
51 280
52 53
53 35
54 77
55 159
56 65
57 203
58 223
59 266
60 123
61 94
62 38
63 153
64 47
65 151
66 270
67 107
68 257
69 97
70 104
71 34
72 207
73 297
74 82
75 122
76 70
77 88
78 132
79 112
80 56
81 115
82 45
83 126
84 67
85 89
86 70
87 99
88 150
89 44
90 191
91 234
92 350
93 263
94 139
95 113
96 94
97 155
98 350
99 93
100 159

orderrules
1 13 au000 avant au012
2 13 au001 avant au012
3 13 au002 avant au012
4 13 au003 avant au012
5 13 au004 avant au012
6 13 au005 avant au012
7 15 au006 avant au014
8 14 au007 avant au013
8 17 au007 avant au016
9 12 au008 avant au011
9 63 au008 avant au062
11 16 au010 avant au015
11 18 au010 avant au017
12 82 au011 avant au081
13 19 au012 avant au018
13 20 au012 avant au019
13 21 au012 avant au020
13 22 au012 avant au021
13 23 au012 avant au022
13 24 au012 avant au023
13 25 au012 avant au024
13 26 au012 avant au025
14 27 au013 avant au026
15 28 au014 avant au027
16 29 au015 avant au028
17 30 au016 avant au029
18 31 au017 avant au030
20 35 au019 avant au034
22 33 au021 avant au032
23 69 au022 avant au068
25 32 au024 avant au031
25 79 au024 avant au078
25 80 au024 avant au079
26 37 au025 avant au036
27 34 au026 avant au033
31 35 au030 avant au034
31 36 au030 avant au035
32 82 au031 avant au081
33 82 au032 avant au081
34 38 au033 avant au037
35 39 au034 avant au038
35 40 au034 avant au039
35 42 au034 avant au041
36 41 au035 avant au040
36 43 au035 avant au042
36 44 au035 avant au043
38 82 au037 avant au081
39 45 au038 avant au044
41 47 au040 avant au046
43 48 au042 avant au047
43 49 au042 avant au048
44 46 au043 avant au045
45 50 au044 avant au049
46 51 au045 avant au050
46 53 au045 avant au052
46 54 au045 avant au053
47 54 au046 avant au053
48 52 au047 avant au051
48 55 au047 avant au054
50 57 au049 avant au056
51 58 au050 avant au057
52 56 au051 avant au055
52 61 au051 avant au060
52 89 au051 avant au088
54 59 au053 avant au058
54 60 au053 avant au059
54 62 au053 avant au061
54 63 au053 avant au062
55 64 au054 avant au063
56 65 au055 avant au064
57 70 au056 avant au069
58 67 au057 avant au066
59 66 au058 avant au065
60 71 au059 avant au070
61 72 au060 avant au071
62 73 au061 avant au072
63 68 au062 avant au067
64 69 au063 avant au068
65 76 au064 avant au075
66 77 au065 avant au076
67 79 au066 avant au078
68 75 au067 avant au074
68 80 au067 avant au079
69 74 au068 avant au073
69 78 au068 avant au077
72 81 au071 avant au080
74 82 au073 avant au081
75 83 au074 avant au082
76 84 au075 avant au083
77 86 au076 avant au085
78 85 au077 avant au084
80 88 au079 avant au087
80 89 au079 avant au088
81 87 au080 avant au086
82 90 au081 avant au089
82 91 au081 avant au090
82 92 au081 avant au091
82 93 au081 avant au092
82 94 au081 avant au093
82 95 au081 avant au094
82 96 au081 avant au095
82 97 au081 avant au096
83 99 au082 avant au098
84 98 au083 avant au097
85 99 au084 avant au098
89 100 au088 avant au099
