# Components (V)
1 2 3 4 5 6 7 8 9 10 11 12 13 14 15 16 17 18 19 20

# Precedence arcs (E)
1 9
2 9
3 9
4 9
5 6
5 7
5 8
6 9
7 17
7 18
7 19
8 10
9 11
9 12
9 13
9 14
11 15
11 17
13 16
14 17
14 18
15 19
15 20
17 20

# Target components (T)
10 18 20

# Revenues (r)
1 30
2 30
3 28
4 26
5 25
6 27
7 30
8 21
9 26
10 21
11 23
12 25
13 22
14 23
15 22
16 22
17 20
18 29
19 29
20 27

# Costs (c)
1 2
2 1
3 7
4 7
5 1
6 8
7 1
8 7
9 7
10 7
11 3
12 10
13 4
14 7
15 1
16 3
17 10
18 10
19 2
20 3

# Durations (p)
1 528
2 589
3 667
4 608
5 430
6 582
7 436
8 531
9 695
10 583
11 334
12 566
13 444
14 466
15 543
16 593
17 416
18 410
19 624
20 420

orderrules
1 9 au000 avant au008
2 9 au001 avant au008
3 9 au002 avant au008
4 9 au003 avant au008
5 6 au004 avant au005
5 7 au004 avant au006
5 8 au004 avant au007
6 9 au005 avant au008
7 17 au006 avant au016
7 18 au006 avant au017
7 19 au006 avant au018
8 10 au007 avant au009
9 11 au008 avant au010
9 12 au008 avant au011
9 13 au008 avant au012
9 14 au008 avant au013
11 15 au010 avant au014
11 17 au010 avant au016
13 16 au012 avant au015
14 17 au013 avant au016
14 18 au013 avant au017
15 19 au014 avant au018
15 20 au014 avant au019
17 20 au016 avant au019
