# Components (V)
1 2 3 4 5 6 7 8 9 10 11 12 13 14 15 16 17 18 19 20

# Precedence arcs (E)
1 10
2 10
4 9
6 7
6 8
7 10
8 10
9 11
9 12
9 13
9 14
10 15
10 16
10 17
10 18
10 19
18 20

# Target components (T)
14 13 20

# Revenues (r)
1 25
2 26
3 30
4 28
5 24
6 28
7 30
8 20
9 24
10 29
11 20
12 29
13 26
14 21
15 22
16 27
17 25
18 24
19 27
20 29

# Costs (c)
1 10
2 2
3 7
4 7
5 5
6 1
7 6
8 4
9 10
10 10
11 8
12 6
13 1
14 4
15 6
16 1
17 3
18 9
19 1
20 8

# Durations (p)
1 209
2 93
3 197
4 223
5 75
6 92
7 36
8 27
9 26
10 114
11 128
12 229
13 383
14 113
15 217
16 306
17 50
18 125
19 68
20 120

orderrules
1 10 au000 avant au009
2 10 au001 avant au009
4 9 au003 avant au008
6 7 au005 avant au006
6 8 au005 avant au007
7 10 au006 avant au009
8 10 au007 avant au009
9 11 au008 avant au010
9 12 au008 avant au011
9 13 au008 avant au012
9 14 au008 avant au013
10 15 au009 avant au014
10 16 au009 avant au015
10 17 au009 avant au016
10 18 au009 avant au017
10 19 au009 avant au018
18 20 au017 avant au019
