# Components (V)
1 2 3 4 5 6 7 8 9 10 11 12 13 14 15 16 17 18 19 20

# Precedence arcs (E)
1 11
2 11
3 4
3 5
4 11
5 6
5 7
5 8
5 9
5 10
6 11
7 11
8 20
9 12
10 12
11 13
11 14
11 15
11 16
12 19
14 18
14 20
15 17
16 19
16 20

# Target components (T)
17 18 13

# Revenues (r)
1 20
2 25
3 21
4 26
5 29
6 24
7 22
8 25
9 21
10 27
11 20
12 26
13 27
14 27
15 26
16 30
17 24
18 22
19 28
20 20

# Costs (c)
1 10
2 5
3 7
4 6
5 2
6 4
7 3
8 5
9 8
10 6
11 4
12 3
13 1
14 5
15 10
16 6
17 4
18 8
19 5
20 3

# Durations (p)
1 85
2 262
3 34
4 93
5 40
6 149
7 56
8 103
9 53
10 41
11 118
12 121
13 124
14 44
15 199
16 95
17 27
18 151
19 43
20 95

orderrules
1 11 au000 avant au010
2 11 au001 avant au010
3 4 au002 avant au003
3 5 au002 avant au004
4 11 au003 avant au010
5 6 au004 avant au005
5 7 au004 avant au006
5 8 au004 avant au007
5 9 au004 avant au008
5 10 au004 avant au009
6 11 au005 avant au010
7 11 au006 avant au010
8 20 au007 avant au019
9 12 au008 avant au011
10 12 au009 avant au011
11 13 au010 avant au012
11 14 au010 avant au013
11 15 au010 avant au014
11 16 au010 avant au015
12 19 au011 avant au018
14 18 au013 avant au017
14 20 au013 avant au019
15 17 au014 avant au016
16 19 au015 avant au018
16 20 au015 avant au019
