# Components (V)
1 2 3 4 5 6 7 8 9 10 11 12 13 14 15 16 17 18 19 20

# Precedence arcs (E)
1 8
2 8
3 6
3 15
4 5
4 7
5 8
6 8
7 9
7 10
8 11
8 12
8 13
8 14
9 15
9 17
12 18
12 19
12 20
13 17
13 18
15 16
15 20
16 18
17 19
17 20

# Target components (T)
18

# Revenues (r)
1 27
2 28
3 28
4 21
5 30
6 29
7 27
8 20
9 26
10 29
11 26
12 26
13 25
14 26
15 30
16 20
17 23
18 29
19 30
20 26

# Costs (c)
1 2
2 7
3 4
4 10
5 2
6 5
7 2
8 3
9 10
10 8
11 6
12 4
13 2
14 9
15 8
16 9
17 4
18 6
19 3
20 4

# Durations (p)
1 125
2 97
3 35
4 65
5 182
6 190
7 128
8 90
9 158
10 139
11 162
12 121
13 276
14 206
15 96
16 228
17 52
18 220
19 145
20 112

orderrules
1 8 au000 avant au007
2 8 au001 avant au007
3 6 au002 avant au005
3 15 au002 avant au014
4 5 au003 avant au004
4 7 au003 avant au006
5 8 au004 avant au007
6 8 au005 avant au007
7 9 au006 avant au008
7 10 au006 avant au009
8 11 au007 avant au010
8 12 au007 avant au011
8 13 au007 avant au012
8 14 au007 avant au013
9 15 au008 avant au014
9 17 au008 avant au016
12 18 au011 avant au017
12 19 au011 avant au018
12 20 au011 avant au019
13 17 au012 avant au016
13 18 au012 avant au017
15 16 au014 avant au015
15 20 au014 avant au019
16 18 au015 avant au017
17 19 au016 avant au018
17 20 au016 avant au019
