# Components (V)
1 2 3 4 5 6 7 8 9 10 11 12 13 14 15 16 17 18 19 20 21 22 23 24 25 26 27 28 29 30 31 32 33 34 35 36 37 38 39 40 41 42 43 44 45 46 47 48 49 50 51 52 53 54 55 56 57 58 59 60 61 62 63 64 65 66 67 68 69 70 71 72 73 74 75 76 77 78 79 80 81 82 83 84 85 86 87 88 89 90 91 92 93 94 95 96 97 98 99 100

# Precedence arcs (E)
1 19
2 19
3 36
4 36
5 13
6 9
6 10
6 11
6 14
6 15
6 16
6 17
7 8
7 12
7 18
8 19
9 19
10 19
11 19
12 36
13 23
14 28
14 29
15 21
15 24
15 27
17 20
17 22
17 25
18 26
19 30
19 31
19 32
19 33
19 34
19 35
20 36
21 36
22 36
26 37
27 81
29 38
30 43
31 56
36 39
36 40
36 41
36 42
36 44
36 46
37 85
38 45
38 47
39 48
40 51
40 52
43 58
44 80
46 50
47 49
48 53
49 54
49 56
49 57
49 59
50 55
51 58
53 63
54 60
55 62
56 61
56 65
56 66
56 67
57 64
59 98
60 69
61 70
62 68
63 71
63 73
64 74
64 75
65 72
67 76
68 77
69 78
70 82
71 79
72 85
73 81
73 83
74 84
75 80
77 89
78 88
79 90
80 86
81 87
81 94
83 92
83 93
85 91
86 95
87 96
88 97
91 98
91 99
94 100

# Target components (T)
58 98

# Revenues (r)
1 27
2 22
3 27
4 27
5 29
6 27
7 21
8 26
9 22
10 24
11 25
12 28
13 29
14 25
15 22
16 25
17 23
18 26
19 25
20 25
21 26
22 21
23 26
24 24
25 26
26 29
27 20
28 26
29 30
30 22
31 30
32 20
33 22
34 21
35 30
36 21
37 22
38 29
39 27
40 30
41 29
42 30
43 27
44 30
45 30
46 27
47 28
48 30
49 25
50 26
51 30
52 29
53 27
54 28
55 27
56 21
57 30
58 21
59 27
60 22
61 23
62 27
63 30
64 26
65 23
66 26
67 30
68 20
69 29
70 28
71 22
72 27
73 22
74 30
75 29
76 25
77 29
78 29
79 26
80 30
81 25
82 27
83 22
84 22
85 25
86 26
87 20
88 30
89 28
90 25
91 22
92 21
93 20
94 25
95 22
96 21
97 25
98 28
99 22
100 30

# Costs (c)
1 5
2 10
3 9
4 8
5 3
6 7
7 3
8 3
9 7
10 1
11 9
12 10
13 8
14 9
15 1
16 6
17 1
18 5
19 9
20 10
21 8
22 2
23 3
24 3
25 7
26 6
27 7
28 4
29 2
30 2
31 2
32 9
33 8
34 6
35 3
36 10
37 3
38 6
39 1
40 1
41 2
42 8
43 6
44 4
45 8
46 2
47 2
48 6
49 1
50 6
51 4
52 3
53 4
54 3
55 1
56 10
57 8
58 1
59 6
60 7
61 10
62 1
63 5
64 3
65 8
66 4
67 6
68 7
69 10
70 1
71 10
72 9
73 7
74 9
75 1
76 4
77 8
78 8
79 9
80 6
81 4
82 2
83 10
84 6
85 10
86 1
87 9
88 5
89 3
90 5
91 6
92 2
93 8
94 9
95 3
96 8
97 2
98 2
99 10
100 6

# Durations (p)
1 124
2 82
3 155
4 112
5 83
6 140
7 299
8 186
9 146
10 175
11 285
12 254
13 224
14 168
15 86
16 177
17 63
18 87
19 100
20 100
21 22
22 29
23 63
24 70
25 204
26 206
27 124
28 112
29 181
30 182
31 162
32 196
33 76
34 70
35 119
36 84
37 77
38 238
39 185
40 86
41 83
42 54
43 162
44 135
45 31
46 86
47 125
48 114
49 273
50 122
51 73
52 70
53 135
54 120
55 114
56 265
57 139
58 224
59 265
60 187
61 67
62 155
63 71
64 231
65 118
66 273
67 112
68 120
69 227
70 26
71 136
72 137
73 66
74 143
75 71
76 81
77 225
78 127
79 143
80 162
81 103
82 210
83 156
84 95
85 46
86 128
87 90
88 256
89 286
90 134
91 45
92 194
93 200
94 297
95 88
96 50
97 191
98 31
99 69
100 129

orderrules
1 19 au000 avant au018
2 19 au001 avant au018
3 36 au002 avant au035
4 36 au003 avant au035
5 13 au004 avant au012
6 9 au005 avant au008
6 10 au005 avant au009
6 11 au005 avant au010
6 14 au005 avant au013
6 15 au005 avant au014
6 16 au005 avant au015
6 17 au005 avant au016
7 8 au006 avant au007
7 12 au006 avant au011
7 18 au006 avant au017
8 19 au007 avant au018
9 19 au008 avant au018
10 19 au009 avant au018
11 19 au010 avant au018
12 36 au011 avant au035
13 23 au012 avant au022
14 28 au013 avant au027
14 29 au013 avant au028
15 21 au014 avant au020
15 24 au014 avant au023
15 27 au014 avant au026
17 20 au016 avant au019
17 22 au016 avant au021
17 25 au016 avant au024
18 26 au017 avant au025
19 30 au018 avant au029
19 31 au018 avant au030
19 32 au018 avant au031
19 33 au018 avant au032
19 34 au018 avant au033
19 35 au018 avant au034
20 36 au019 avant au035
21 36 au020 avant au035
22 36 au021 avant au035
26 37 au025 avant au036
27 81 au026 avant au080
29 38 au028 avant au037
30 43 au029 avant au042
31 56 au030 avant au055
36 39 au035 avant au038
36 40 au035 avant au039
36 41 au035 avant au040
36 42 au035 avant au041
36 44 au035 avant au043
36 46 au035 avant au045
37 85 au036 avant au084
38 45 au037 avant au044
38 47 au037 avant au046
39 48 au038 avant au047
40 51 au039 avant au050
40 52 au039 avant au051
43 58 au042 avant au057
44 80 au043 avant au079
46 50 au045 avant au049
47 49 au046 avant au048
48 53 au047 avant au052
49 54 au048 avant au053
49 56 au048 avant au055
49 57 au048 avant au056
49 59 au048 avant au058
50 55 au049 avant au054
51 58 au050 avant au057
53 63 au052 avant au062
54 60 au053 avant au059
55 62 au054 avant au061
56 61 au055 avant au060
56 65 au055 avant au064
56 66 au055 avant au065
56 67 au055 avant au066
57 64 au056 avant au063
59 98 au058 avant au097
60 69 au059 avant au068
61 70 au060 avant au069
62 68 au061 avant au067
63 71 au062 avant au070
63 73 au062 avant au072
64 74 au063 avant au073
64 75 au063 avant au074
65 72 au064 avant au071
67 76 au066 avant au075
68 77 au067 avant au076
69 78 au068 avant au077
70 82 au069 avant au081
71 79 au070 avant au078
72 85 au071 avant au084
73 81 au072 avant au080
73 83 au072 avant au082
74 84 au073 avant au083
75 80 au074 avant au079
77 89 au076 avant au088
78 88 au077 avant au087
79 90 au078 avant au089
80 86 au079 avant au085
81 87 au080 avant au086
81 94 au080 avant au093
83 92 au082 avant au091
83 93 au082 avant au092
85 91 au084 avant au090
86 95 au085 avant au094
87 96 au086 avant au095
88 97 au087 avant au096
91 98 au090 avant au097
91 99 au090 avant au098
94 100 au093 avant au099
