# Components (V)
1 2 3 4 5 6 7 8 9 10 11 12 13 14 15 16 17 18 19 20 21 22 23 24 25 26 27 28 29 30 31 32 33 34 35 36 37 38 39 40 41 42 43 44 45 46 47 48 49 50 51 52 53 54 55 56 57 58 59 60 61 62 63 64 65 66 67 68 69 70 71 72 73 74 75 76 77 78 79 80 81 82 83 84 85 86 87 88 89 90 91 92 93 94 95 96 97 98 99 100

# Precedence arcs (E)
1 20
2 20
3 20
4 20
5 20
6 40
7 40
8 17
9 12
9 13
9 14
9 16
9 18
9 19
10 11
10 15
11 20
12 20
13 20
14 20
15 20
16 24
17 25
18 21
18 22
18 26
18 27
19 23
20 28
20 29
20 30
20 31
20 32
20 33
20 34
20 35
20 36
20 37
20 38
20 39
21 40
22 40
23 40
24 41
25 42
27 40
27 43
29 53
40 44
40 45
40 46
40 47
40 48
40 49
40 50
40 51
40 52
44 54
44 55
44 56
45 57
47 59
50 58
54 60
55 61
56 62
56 63
56 64
57 67
58 65
58 68
59 66
60 69
61 70
62 71
63 72
65 73
65 75
68 74
69 76
70 77
71 78
72 79
73 84
74 80
75 81
75 82
75 83
76 85
77 86
78 87
79 88
80 90
81 89
83 90
85 93
86 91
87 92
89 94
89 96
89 97
89 98
90 95
91 99
92 99
96 100

# Target components (T)
43 64 100

# Revenues (r)
1 24
2 21
3 23
4 20
5 20
6 30
7 20
8 20
9 25
10 25
11 20
12 21
13 21
14 30
15 25
16 29
17 29
18 20
19 30
20 25
21 27
22 28
23 21
24 26
25 21
26 27
27 29
28 30
29 21
30 27
31 22
32 21
33 21
34 30
35 24
36 23
37 26
38 20
39 24
40 21
41 28
42 28
43 25
44 28
45 20
46 29
47 25
48 22
49 24
50 25
51 22
52 23
53 28
54 20
55 30
56 29
57 23
58 22
59 20
60 25
61 22
62 25
63 29
64 27
65 22
66 30
67 23
68 25
69 23
70 24
71 24
72 23
73 21
74 20
75 20
76 27
77 27
78 24
79 29
80 30
81 27
82 30
83 21
84 29
85 30
86 20
87 20
88 26
89 22
90 20
91 27
92 28
93 25
94 30
95 29
96 30
97 26
98 29
99 22
100 25

# Costs (c)
1 8
2 1
3 5
4 1
5 10
6 6
7 3
8 4
9 6
10 9
11 1
12 10
13 7
14 7
15 1
16 10
17 7
18 6
19 3
20 4
21 10
22 3
23 7
24 1
25 9
26 4
27 2
28 5
29 5
30 6
31 3
32 5
33 7
34 5
35 1
36 6
37 10
38 7
39 9
40 7
41 10
42 10
43 9
44 6
45 10
46 5
47 3
48 6
49 6
50 6
51 9
52 8
53 2
54 8
55 4
56 10
57 4
58 8
59 10
60 9
61 8
62 9
63 3
64 6
65 5
66 4
67 9
68 8
69 1
70 3
71 5
72 7
73 2
74 1
75 1
76 9
77 7
78 9
79 7
80 7
81 4
82 5
83 6
84 8
85 7
86 10
87 4
88 4
89 4
90 6
91 6
92 7
93 8
94 3
95 10
96 8
97 8
98 5
99 7
100 9

# Durations (p)
1 119
2 63
3 94
4 173
5 120
6 80
7 173
8 83
9 158
10 32
11 141
12 244
13 175
14 32
15 267
16 57
17 51
18 205
19 270
20 81
21 25
22 142
23 132
24 190
25 108
26 188
27 317
28 37
29 70
30 37
31 39
32 179
33 285
34 43
35 146
36 101
37 198
38 165
39 228
40 46
41 159
42 51
43 30
44 32
45 81
46 248
47 214
48 74
49 184
50 52
51 114
52 172
53 97
54 164
55 32
56 131
57 97
58 124
59 74
60 174
61 196
62 185
63 147
64 267
65 109
66 232
67 93
68 177
69 92
70 155
71 114
72 253
73 56
74 146
75 122
76 75
77 102
78 121
79 27
80 170
81 105
82 139
83 221
84 85
85 186
86 57
87 329
88 67
89 283
90 205
91 159
92 95
93 215
94 158
95 114
96 296
97 262
98 183
99 181
100 151

orderrules
1 20 au000 avant au019
2 20 au001 avant au019
3 20 au002 avant au019
4 20 au003 avant au019
5 20 au004 avant au019
6 40 au005 avant au039
7 40 au006 avant au039
8 17 au007 avant au016
9 12 au008 avant au011
9 13 au008 avant au012
9 14 au008 avant au013
9 16 au008 avant au015
9 18 au008 avant au017
9 19 au008 avant au018
10 11 au009 avant au010
10 15 au009 avant au014
11 20 au010 avant au019
12 20 au011 avant au019
13 20 au012 avant au019
14 20 au013 avant au019
15 20 au014 avant au019
16 24 au015 avant au023
17 25 au016 avant au024
18 21 au017 avant au020
18 22 au017 avant au021
18 26 au017 avant au025
18 27 au017 avant au026
19 23 au018 avant au022
20 28 au019 avant au027
20 29 au019 avant au028
20 30 au019 avant au029
20 31 au019 avant au030
20 32 au019 avant au031
20 33 au019 avant au032
20 34 au019 avant au033
20 35 au019 avant au034
20 36 au019 avant au035
20 37 au019 avant au036
20 38 au019 avant au037
20 39 au019 avant au038
21 40 au020 avant au039
22 40 au021 avant au039
23 40 au022 avant au039
24 41 au023 avant au040
25 42 au024 avant au041
27 40 au026 avant au039
27 43 au026 avant au042
29 53 au028 avant au052
40 44 au039 avant au043
40 45 au039 avant au044
40 46 au039 avant au045
40 47 au039 avant au046
40 48 au039 avant au047
40 49 au039 avant au048
40 50 au039 avant au049
40 51 au039 avant au050
40 52 au039 avant au051
44 54 au043 avant au053
44 55 au043 avant au054
44 56 au043 avant au055
45 57 au044 avant au056
47 59 au046 avant au058
50 58 au049 avant au057
54 60 au053 avant au059
55 61 au054 avant au060
56 62 au055 avant au061
56 63 au055 avant au062
56 64 au055 avant au063
57 67 au056 avant au066
58 65 au057 avant au064
58 68 au057 avant au067
59 66 au058 avant au065
60 69 au059 avant au068
61 70 au060 avant au069
62 71 au061 avant au070
63 72 au062 avant au071
65 73 au064 avant au072
65 75 au064 avant au074
68 74 au067 avant au073
69 76 au068 avant au075
70 77 au069 avant au076
71 78 au070 avant au077
72 79 au071 avant au078
73 84 au072 avant au083
74 80 au073 avant au079
75 81 au074 avant au080
75 82 au074 avant au081
75 83 au074 avant au082
76 85 au075 avant au084
77 86 au076 avant au085
78 87 au077 avant au086
79 88 au078 avant au087
80 90 au079 avant au089
81 89 au080 avant au088
83 90 au082 avant au089
85 93 au084 avant au092
86 91 au085 avant au090
87 92 au086 avant au091
89 94 au088 avant au093
89 96 au088 avant au095
89 97 au088 avant au096
89 98 au088 avant au097
90 95 au089 avant au094
91 99 au090 avant au098
92 99 au091 avant au098
96 100 au095 avant au099
