# Components (V)
1 2 3 4 5 6 7 8 9 10 11 12 13 14 15 16 17 18 19 20

# Precedence arcs (E)
1 11
2 7
3 6
3 7
4 5
4 6
5 11
7 8
7 9
7 10
8 11
9 11
10 12
10 13
11 14
11 15
11 16
11 17
15 19
15 20
16 18
17 19

# Target components (T)
14 6

# Revenues (r)
1 30
2 23
3 28
4 23
5 26
6 28
7 24
8 29
9 20
10 27
11 25
12 28
13 21
14 23
15 26
16 24
17 24
18 20
19 23
20 25

# Costs (c)
1 4
2 8
3 4
4 2
5 4
6 9
7 5
8 9
9 3
10 1
11 7
12 8
13 2
14 8
15 8
16 2
17 5
18 1
19 4
20 8

# Durations (p)
1 165
2 79
3 84
4 234
5 79
6 241
7 74
8 96
9 44
10 225
11 77
12 124
13 119
14 160
15 41
16 204
17 319
18 248
19 127
20 84

orderrules
1 11 au000 avant au010
2 7 au001 avant au006
3 6 au002 avant au005
3 7 au002 avant au006
4 5 au003 avant au004
4 6 au003 avant au005
5 11 au004 avant au010
7 8 au006 avant au007
7 9 au006 avant au008
7 10 au006 avant au009
8 11 au007 avant au010
9 11 au008 avant au010
10 12 au009 avant au011
10 13 au009 avant au012
11 14 au010 avant au013
11 15 au010 avant au014
11 16 au010 avant au015
11 17 au010 avant au016
15 19 au014 avant au018
15 20 au014 avant au019
16 18 au015 avant au017
17 19 au016 avant au018
