# Components (V)
1 2 3 4 5 6 7 8 9 10 11 12 13 14 15 16 17 18 19 20 21 22 23 24 25 26 27 28 29 30 31 32 33 34 35 36 37 38 39 40 41 42 43 44 45 46 47 48 49 50 51 52 53 54 55 56 57 58 59 60 61 62 63 64 65 66 67 68 69 70 71 72 73 74 75 76 77 78 79 80 81 82 83 84 85 86 87 88 89 90 91 92 93 94 95 96 97 98 99 100 101 102 103 104 105 106 107 108 109 110 111 112 113 114 115 116 117 118 119 120 121 122 123 124 125 126 127 128 129 130 131 132 133 134 135 136 137 138 139 140 141 142 143 144 145 146 147 148 149 150 151 152 153 154 155 156 157 158 159 160 161 162 163 164 165 166 167 168 169 170 171 172 173 174 175 176 177 178 179 180 181 182 183 184 185 186 187 188 189 190 191 192 193 194 195 196 197 198 199 200 201 202 203 204 205 206 207 208 209 210 211 212 213 214 215 216 217 218 219 220 221 222 223 224 225 226 227 228 229 230 231 232 233 234 235 236 237 238 239 240 241 242 243 244 245 246 247 248 249 250 251 252 253 254 255 256 257 258 259 260 261 262 263 264 265 266 267 268 269 270 271 272 273 274 275 276 277 278 279 280 281 282 283 284 285 286 287 288 289 290 291 292 293 294 295 296 297 298 299 300 301 302 303 304 305 306 307 308 309 310 311 312 313 314 315 316 317 318 319 320 321 322 323 324 325 326 327 328 329 330 331 332 333 334 335 336 337 338 339 340 341 342 343 344 345 346 347 348 349 350 351 352 353 354 355 356 357 358 359 360 361 362 363 364 365 366 367 368 369 370 371 372 373 374 375 376 377 378 379 380 381 382 383 384 385 386 387 388 389 390 391 392 393 394 395 396 397 398 399 400 401 402 403 404 405 406 407 408 409 410 411 412 413 414 415 416 417 418 419 420 421 422 423 424 425 426 427 428 429 430 431 432 433 434 435 436 437 438 439 440 441 442 443 444 445 446 447 448 449 450 451 452 453 454 455 456 457 458 459 460 461 462 463 464 465 466 467 468 469 470 471 472 473 474 475 476 477 478 479 480 481 482 483 484 485 486 487 488 489 490 491 492 493 494 495 496 497 498 499 500 501 502 503 504 505 506 507 508 509 510 511 512 513 514 515 516 517 518 519 520 521 522 523 524 525 526 527 528 529 530 531 532 533 534 535 536 537 538 539 540 541 542 543 544 545 546 547 548 549 550 551 552 553 554 555 556 557 558 559 560 561 562 563 564 565 566 567 568 569 570 571 572 573 574 575 576 577 578 579 580 581 582 583 584 585 586 587 588 589 590 591 592 593 594 595 596 597 598 599 600 601 602 603 604 605 606 607 608 609 610 611 612 613 614 615 616 617 618 619 620 621 622 623 624 625 626 627 628 629 630 631 632 633 634 635 636 637 638 639 640 641 642 643 644 645 646 647 648 649 650 651 652 653 654 655 656 657 658 659 660 661 662 663 664 665 666 667 668 669 670 671 672 673 674 675 676 677 678 679 680 681 682 683 684 685 686 687 688 689 690 691 692 693 694 695 696 697 698 699 700 701 702 703 704 705 706 707 708 709 710 711 712 713 714 715 716 717 718 719 720 721 722 723 724 725 726 727 728 729 730 731 732 733 734 735 736 737 738 739 740 741 742 743 744 745 746 747 748 749 750 751 752 753 754 755 756 757 758 759 760 761 762 763 764 765 766 767 768 769 770 771 772 773 774 775 776 777 778 779 780 781 782 783 784 785 786 787 788 789 790 791 792 793 794 795 796 797 798 799 800 801 802 803 804 805 806 807 808 809 810 811 812 813 814 815 816 817 818 819 820 821 822 823 824 825 826 827 828 829 830 831 832 833 834 835 836 837 838 839 840 841 842 843 844 845 846 847 848 849 850 851 852 853 854 855 856 857 858 859 860 861 862 863 864 865 866 867 868 869 870 871 872 873 874 875 876 877 878 879 880 881 882 883 884 885 886 887 888

# Precedence arcs (E)
1 153
2 153
3 153
4 226
5 63
6 63
7 257
8 308
9 158
11 24
11 27
11 34
12 30
13 39
14 40
15 33
17 25
17 32
18 36
18 38
19 23
19 26
20 31
20 35
20 37
21 28
22 29
23 153
24 226
25 63
26 63
27 63
28 63
29 257
30 158
31 52
32 45
32 60
33 42
33 49
33 53
33 54
33 99
34 41
34 51
34 59
35 57
36 43
37 46
37 48
37 56
38 47
38 50
38 58
39 44
39 55
40 580
41 226
42 226
43 63
44 257
45 631
46 62
47 61
47 65
47 76
49 69
53 66
53 74
54 73
55 71
56 67
57 72
58 887
59 68
59 70
59 240
60 64
60 75
61 153
62 153
63 78
63 79
63 80
63 81
63 82
63 83
64 158
65 158
67 90
68 88
68 92
68 95
68 96
69 91
70 86
70 98
71 84
71 93
71 94
72 87
72 97
73 85
74 872
75 77
76 89
77 153
78 101
78 109
80 111
81 112
81 116
81 320
85 102
86 117
87 103
89 115
89 162
90 104
90 105
90 106
92 113
94 100
94 110
94 114
97 107
98 99
98 108
99 153
100 436
101 158
102 551
103 128
103 129
104 124
104 125
106 120
106 127
109 119
109 131
110 118
111 121
111 130
112 122
114 379
115 123
115 422
117 126
118 153
119 226
120 458
121 158
122 141
122 143
122 806
123 133
123 138
123 142
123 145
124 151
125 134
125 150
126 132
126 136
126 139
126 152
127 148
127 149
129 137
129 147
130 146
131 135
131 140
131 144
132 153
133 226
134 744
135 630
136 308
137 158
138 158
139 168
141 155
141 161
144 154
144 164
145 156
145 159
146 163
147 162
147 166
148 160
149 157
151 167
152 165
153 169
153 170
153 171
153 172
153 173
153 174
153 187
154 226
155 630
156 436
157 436
158 175
158 176
158 177
158 178
158 179
158 180
158 186
159 181
161 390
162 184
162 185
163 182
163 183
167 188
169 191
169 193
169 201
172 199
172 208
172 209
174 197
174 557
177 401
178 200
179 206
179 207
181 189
181 194
181 302
182 190
183 196
184 192
185 195
186 527
187 198
187 202
187 203
188 204
188 205
189 226
190 308
191 631
192 631
193 614
197 220
197 223
198 210
200 215
201 213
201 219
202 217
202 221
203 225
204 224
205 216
205 222
206 212
207 214
209 211
209 218
210 226
211 308
212 436
213 230
213 231
213 232
213 238
213 247
213 521
216 240
216 243
217 242
218 244
219 227
220 234
220 236
222 229
222 233
222 235
222 237
222 239
222 241
223 246
223 248
224 843
225 228
225 245
225 337
226 249
226 250
226 251
226 252
226 253
226 254
226 255
226 256
226 386
227 257
228 728
229 631
230 261
230 267
231 258
233 270
234 263
234 269
235 792
239 262
239 265
240 259
241 266
242 264
243 271
245 629
246 458
248 260
248 268
249 744
251 282
252 278
252 284
254 279
255 283
257 272
257 273
257 274
257 275
257 276
257 285
258 458
259 287
264 288
265 286
265 583
266 280
267 361
269 281
269 289
269 400
270 277
271 319
272 436
273 458
274 294
274 299
275 290
275 291
278 301
279 511
280 296
280 305
281 300
282 293
282 295
285 297
286 302
287 292
288 303
288 306
289 298
289 304
290 308
291 458
292 631
293 319
295 310
296 313
297 311
297 322
298 309
298 314
298 318
299 770
301 312
301 321
301 460
302 315
303 645
303 884
304 320
305 316
305 317
306 307
307 744
308 324
308 325
308 326
308 327
308 328
309 332
309 338
311 323
311 330
312 331
312 336
312 752
313 333
314 329
316 339
316 341
321 568
322 334
322 335
322 337
322 340
323 744
325 352
326 346
327 342
328 347
329 458
330 344
331 348
331 788
333 343
333 351
333 357
334 349
335 353
339 345
339 355
339 356
340 350
341 354
342 458
343 358
345 366
345 372
345 374
346 377
350 360
350 363
350 367
350 369
350 370
350 375
351 364
353 359
353 715
354 365
354 376
355 371
355 373
356 361
357 362
357 368
359 614
360 386
360 390
362 380
362 383
362 391
363 379
364 378
364 393
368 382
368 384
368 385
370 387
370 389
372 687
373 396
374 381
374 392
374 394
375 395
376 388
378 630
379 549
380 402
381 414
382 408
383 399
385 412
386 397
386 413
387 410
388 406
389 400
389 411
391 398
391 404
391 405
391 409
394 401
396 403
396 407
397 728
399 423
401 421
402 417
402 420
402 430
403 415
404 428
405 419
406 427
406 434
407 425
407 431
407 433
408 418
408 643
410 432
411 814
413 426
413 429
414 416
414 422
414 424
415 744
416 630
417 436
418 436
419 614
420 441
420 443
422 442
425 438
426 446
427 448
427 452
427 453
428 444
428 450
429 439
429 447
429 451
432 435
432 440
433 437
433 445
433 449
435 744
436 454
436 455
436 456
436 457
437 458
439 462
439 470
440 465
440 704
441 460
442 464
442 466
442 469
443 472
444 463
447 459
449 468
450 461
453 467
453 471
456 493
456 827
457 485
458 474
458 475
458 476
458 477
458 478
458 479
458 480
458 481
458 486
458 492
459 851
461 494
463 482
464 483
464 489
466 490
466 495
467 488
468 484
469 487
470 473
471 491
471 605
473 549
474 498
474 503
475 504
476 502
477 505
478 501
479 496
479 506
480 511
483 500
486 507
489 499
490 512
492 510
495 497
495 508
495 509
496 549
500 521
500 527
501 599
502 522
507 516
507 518
507 520
507 525
507 526
508 523
509 514
509 517
510 519
511 513
511 524
512 515
513 630
514 534
515 536
515 542
515 543
516 528
517 538
518 529
518 531
518 548
519 547
520 541
521 532
521 533
521 878
522 530
522 537
522 540
523 546
524 544
525 535
526 539
526 545
528 549
529 549
530 614
531 550
531 563
532 555
532 557
532 560
533 559
533 772
535 562
536 552
536 558
536 566
536 629
537 554
537 561
540 556
542 567
543 564
544 568
545 551
545 553
548 565
549 569
549 570
549 571
549 572
549 573
549 574
549 575
549 576
549 577
549 588
550 590
552 578
552 857
553 580
553 584
553 587
554 581
556 588
558 582
559 586
561 583
561 585
562 589
565 591
566 579
569 598
570 592
571 593
572 600
573 857
574 602
574 606
576 595
577 604
579 601
582 607
583 599
583 603
583 610
585 605
586 594
586 608
586 609
588 596
590 597
592 614
593 614
594 611
594 615
595 622
598 625
598 678
599 619
600 612
601 613
603 623
603 626
603 627
603 709
604 629
605 621
605 628
607 617
608 620
608 624
610 616
610 618
611 630
612 728
613 631
614 632
614 633
614 634
614 635
614 636
614 637
615 652
616 647
617 641
617 653
619 639
619 644
619 648
619 650
620 646
621 638
622 642
622 643
624 645
625 640
628 649
629 651
630 656
630 657
630 658
630 659
630 660
630 661
630 662
630 663
630 664
630 665
630 666
630 667
630 668
630 669
630 686
631 670
631 671
631 672
631 673
631 674
631 675
631 676
631 677
633 655
638 832
640 654
640 679
640 684
641 681
641 685
642 687
644 678
644 682
646 683
649 680
650 688
657 698
657 704
658 693
659 689
661 707
667 706
669 694
669 701
670 691
671 705
674 692
674 696
674 697
677 695
677 702
683 700
683 703
684 699
685 690
690 728
691 720
691 723
692 715
695 710
695 713
695 874
696 716
696 879
697 721
698 724
699 714
699 718
700 719
700 726
701 725
703 711
704 717
705 708
705 712
705 722
707 709
708 728
709 743
710 729
710 740
713 741
714 727
715 730
715 733
715 739
716 735
716 737
722 731
723 732
723 736
723 738
726 734
726 742
727 744
728 745
728 746
728 747
728 748
728 758
728 762
731 752
732 750
734 751
734 754
734 755
734 760
735 756
737 749
737 757
738 753
739 759
742 761
744 763
744 764
744 765
744 766
744 767
744 768
744 769
745 775
746 773
748 777
748 779
749 772
753 774
756 778
756 780
758 770
758 776
760 771
763 788
767 787
767 794
768 790
769 781
770 789
770 791
770 796
771 785
773 782
773 784
774 783
774 795
775 786
778 792
779 797
779 798
780 793
780 796
781 802
781 807
786 809
787 808
789 803
789 805
792 806
793 801
794 804
798 799
798 800
799 813
800 810
801 811
802 814
803 818
805 812
807 815
807 817
808 816
810 820
810 821
810 823
811 824
811 830
812 826
812 831
812 836
812 837
812 839
813 825
814 828
815 819
815 829
816 822
816 834
817 827
817 838
817 840
818 832
818 833
818 835
821 849
822 854
823 846
826 843
827 845
828 841
832 844
832 848
833 852
834 847
834 850
835 842
838 853
840 851
842 865
844 855
844 867
845 858
845 869
847 863
848 861
848 871
849 868
850 857
850 860
850 866
850 872
852 862
852 864
852 873
852 874
853 859
854 856
854 870
855 881
857 888
859 876
859 885
859 887
862 883
863 879
864 886
866 884
868 880
869 882
870 877
871 875
872 878

# Target components (T)
534

# Revenues (r)
1 28
2 23
3 23
4 25
5 20
6 27
7 25
8 21
9 30
10 27
11 23
12 20
13 21
14 27
15 24
16 30
17 26
18 29
19 21
20 23
21 27
22 26
23 23
24 29
25 23
26 26
27 30
28 27
29 23
30 21
31 26
32 26
33 21
34 22
35 27
36 29
37 21
38 29
39 26
40 24
41 25
42 29
43 25
44 23
45 25
46 23
47 20
48 25
49 21
50 22
51 22
52 21
53 24
54 26
55 28
56 30
57 27
58 21
59 23
60 20
61 22
62 23
63 25
64 21
65 25
66 29
67 20
68 27
69 21
70 25
71 27
72 30
73 29
74 25
75 22
76 25
77 27
78 28
79 25
80 26
81 28
82 27
83 27
84 24
85 20
86 28
87 28
88 20
89 30
90 28
91 26
92 20
93 24
94 28
95 22
96 27
97 24
98 27
99 26
100 23
101 23
102 20
103 29
104 27
105 23
106 21
107 29
108 25
109 22
110 21
111 27
112 21
113 24
114 20
115 24
116 24
117 20
118 22
119 30
120 30
121 29
122 26
123 30
124 26
125 27
126 23
127 22
128 29
129 20
130 23
131 29
132 26
133 24
134 21
135 21
136 26
137 25
138 24
139 24
140 23
141 23
142 20
143 24
144 29
145 30
146 26
147 22
148 28
149 28
150 27
151 27
152 30
153 29
154 25
155 25
156 20
157 25
158 30
159 29
160 27
161 22
162 28
163 23
164 24
165 22
166 27
167 25
168 20
169 21
170 30
171 23
172 23
173 26
174 26
175 25
176 27
177 22
178 29
179 23
180 25
181 25
182 23
183 27
184 20
185 20
186 22
187 23
188 30
189 22
190 29
191 21
192 24
193 23
194 29
195 24
196 28
197 22
198 23
199 29
200 22
201 29
202 27
203 29
204 28
205 30
206 25
207 21
208 20
209 20
210 24
211 26
212 28
213 29
214 24
215 20
216 28
217 23
218 21
219 28
220 29
221 23
222 27
223 20
224 30
225 23
226 28
227 28
228 21
229 26
230 26
231 21
232 27
233 25
234 24
235 26
236 23
237 26
238 30
239 22
240 24
241 25
242 26
243 23
244 23
245 30
246 27
247 26
248 27
249 25
250 24
251 28
252 20
253 26
254 26
255 30
256 26
257 20
258 25
259 20
260 27
261 29
262 29
263 24
264 20
265 26
266 22
267 20
268 25
269 20
270 21
271 24
272 22
273 24
274 27
275 25
276 25
277 20
278 21
279 21
280 21
281 29
282 21
283 26
284 28
285 26
286 30
287 27
288 22
289 25
290 21
291 21
292 23
293 21
294 26
295 30
296 20
297 28
298 24
299 24
300 24
301 24
302 30
303 24
304 25
305 21
306 20
307 23
308 27
309 25
310 26
311 30
312 24
313 30
314 26
315 30
316 25
317 20
318 24
319 22
320 27
321 28
322 26
323 26
324 22
325 25
326 28
327 23
328 22
329 21
330 24
331 28
332 23
333 26
334 22
335 25
336 30
337 27
338 29
339 27
340 28
341 24
342 23
343 30
344 20
345 27
346 23
347 24
348 23
349 26
350 25
351 25
352 24
353 23
354 21
355 20
356 22
357 25
358 23
359 24
360 28
361 28
362 21
363 27
364 27
365 20
366 22
367 26
368 28
369 30
370 22
371 21
372 27
373 24
374 21
375 24
376 23
377 25
378 22
379 30
380 30
381 20
382 25
383 22
384 21
385 22
386 25
387 27
388 30
389 21
390 26
391 20
392 27
393 24
394 24
395 25
396 26
397 21
398 20
399 20
400 20
401 30
402 29
403 24
404 26
405 29
406 28
407 23
408 30
409 27
410 26
411 22
412 29
413 21
414 30
415 22
416 25
417 21
418 25
419 25
420 24
421 22
422 28
423 24
424 28
425 27
426 22
427 22
428 21
429 22
430 25
431 25
432 26
433 26
434 29
435 21
436 27
437 23
438 28
439 28
440 21
441 22
442 24
443 23
444 21
445 22
446 23
447 23
448 25
449 30
450 28
451 25
452 21
453 27
454 24
455 29
456 26
457 26
458 24
459 27
460 29
461 25
462 27
463 20
464 27
465 20
466 20
467 28
468 23
469 20
470 24
471 30
472 24
473 28
474 25
475 24
476 26
477 20
478 27
479 25
480 29
481 20
482 23
483 29
484 25
485 28
486 25
487 29
488 20
489 24
490 29
491 30
492 27
493 24
494 28
495 20
496 26
497 23
498 24
499 23
500 24
501 29
502 28
503 23
504 20
505 26
506 30
507 21
508 26
509 27
510 29
511 25
512 24
513 26
514 29
515 28
516 21
517 22
518 29
519 27
520 26
521 30
522 28
523 21
524 22
525 24
526 21
527 24
528 27
529 21
530 27
531 25
532 30
533 21
534 24
535 27
536 29
537 22
538 28
539 26
540 28
541 21
542 25
543 20
544 29
545 30
546 30
547 28
548 25
549 24
550 30
551 27
552 21
553 29
554 23
555 25
556 28
557 25
558 25
559 29
560 20
561 29
562 27
563 21
564 30
565 25
566 21
567 22
568 21
569 28
570 27
571 25
572 25
573 29
574 25
575 26
576 26
577 23
578 29
579 26
580 21
581 25
582 27
583 25
584 22
585 30
586 25
587 28
588 23
589 23
590 24
591 20
592 22
593 25
594 23
595 24
596 26
597 30
598 24
599 26
600 27
601 29
602 29
603 29
604 25
605 23
606 22
607 28
608 28
609 23
610 22
611 22
612 27
613 23
614 22
615 26
616 30
617 23
618 23
619 20
620 26
621 23
622 20
623 24
624 25
625 30
626 28
627 29
628 28
629 20
630 27
631 25
632 20
633 20
634 21
635 30
636 30
637 25
638 24
639 20
640 23
641 22
642 26
643 20
644 27
645 25
646 24
647 26
648 26
649 26
650 25
651 25
652 29
653 30
654 20
655 24
656 30
657 24
658 23
659 27
660 26
661 21
662 23
663 29
664 21
665 29
666 25
667 28
668 23
669 30
670 28
671 27
672 20
673 29
674 22
675 28
676 27
677 30
678 20
679 20
680 28
681 23
682 21
683 22
684 24
685 20
686 25
687 21
688 27
689 28
690 24
691 29
692 21
693 21
694 30
695 21
696 21
697 26
698 25
699 29
700 24
701 22
702 26
703 21
704 21
705 27
706 24
707 26
708 27
709 26
710 24
711 26
712 25
713 25
714 21
715 26
716 27
717 26
718 28
719 23
720 29
721 29
722 23
723 23
724 27
725 22
726 29
727 28
728 27
729 26
730 23
731 30
732 25
733 24
734 24
735 22
736 30
737 27
738 24
739 21
740 28
741 21
742 24
743 21
744 21
745 24
746 20
747 23
748 28
749 28
750 20
751 21
752 21
753 27
754 27
755 21
756 30
757 20
758 23
759 21
760 23
761 22
762 29
763 30
764 25
765 30
766 29
767 30
768 20
769 24
770 22
771 26
772 22
773 20
774 28
775 22
776 30
777 30
778 25
779 21
780 26
781 22
782 27
783 29
784 25
785 23
786 25
787 26
788 29
789 25
790 23
791 23
792 24
793 21
794 28
795 30
796 24
797 26
798 22
799 22
800 21
801 22
802 20
803 29
804 21
805 29
806 25
807 20
808 20
809 23
810 26
811 25
812 30
813 26
814 23
815 28
816 24
817 28
818 21
819 25
820 26
821 23
822 26
823 28
824 23
825 27
826 20
827 25
828 20
829 28
830 29
831 21
832 26
833 22
834 29
835 23
836 22
837 22
838 21
839 27
840 24
841 30
842 29
843 30
844 23
845 23
846 25
847 25
848 27
849 22
850 28
851 22
852 21
853 25
854 30
855 29
856 26
857 30
858 30
859 23
860 20
861 25
862 29
863 28
864 21
865 22
866 20
867 30
868 20
869 23
870 30
871 30
872 28
873 30
874 26
875 28
876 28
877 20
878 28
879 20
880 30
881 21
882 30
883 22
884 26
885 25
886 27
887 26
888 21

# Costs (c)
1 5
2 3
3 9
4 3
5 2
6 3
7 5
8 10
9 5
10 5
11 1
12 8
13 3
14 4
15 4
16 4
17 3
18 4
19 9
20 2
21 6
22 1
23 4
24 4
25 4
26 9
27 9
28 7
29 4
30 10
31 3
32 3
33 6
34 4
35 1
36 6
37 1
38 4
39 10
40 8
41 3
42 7
43 1
44 4
45 3
46 6
47 3
48 10
49 5
50 1
51 2
52 10
53 2
54 3
55 4
56 5
57 5
58 5
59 9
60 4
61 2
62 10
63 2
64 1
65 2
66 7
67 5
68 6
69 6
70 1
71 9
72 7
73 10
74 7
75 10
76 6
77 4
78 10
79 10
80 1
81 3
82 3
83 6
84 4
85 6
86 2
87 4
88 9
89 3
90 6
91 9
92 2
93 4
94 6
95 9
96 3
97 2
98 1
99 5
100 8
101 2
102 1
103 4
104 7
105 5
106 2
107 9
108 9
109 2
110 9
111 7
112 6
113 5
114 9
115 7
116 9
117 3
118 7
119 8
120 7
121 6
122 7
123 7
124 7
125 2
126 1
127 2
128 5
129 5
130 3
131 9
132 10
133 6
134 8
135 1
136 8
137 6
138 5
139 4
140 7
141 8
142 10
143 4
144 3
145 1
146 8
147 8
148 2
149 7
150 5
151 4
152 5
153 9
154 8
155 10
156 10
157 3
158 6
159 3
160 4
161 5
162 4
163 3
164 4
165 8
166 4
167 3
168 6
169 6
170 3
171 1
172 9
173 10
174 3
175 6
176 7
177 3
178 1
179 9
180 7
181 6
182 10
183 3
184 10
185 1
186 8
187 4
188 9
189 5
190 10
191 3
192 4
193 6
194 8
195 6
196 8
197 6
198 8
199 3
200 3
201 3
202 8
203 8
204 9
205 7
206 1
207 9
208 9
209 7
210 4
211 5
212 5
213 5
214 8
215 7
216 8
217 2
218 3
219 4
220 5
221 3
222 6
223 4
224 6
225 8
226 5
227 5
228 4
229 10
230 5
231 4
232 5
233 9
234 9
235 3
236 8
237 2
238 5
239 5
240 3
241 7
242 6
243 7
244 7
245 1
246 5
247 8
248 9
249 2
250 7
251 8
252 10
253 6
254 4
255 6
256 10
257 4
258 7
259 7
260 9
261 10
262 9
263 5
264 2
265 7
266 2
267 4
268 10
269 2
270 9
271 6
272 4
273 6
274 9
275 4
276 1
277 7
278 7
279 5
280 8
281 1
282 1
283 6
284 5
285 7
286 10
287 10
288 4
289 5
290 2
291 8
292 7
293 7
294 10
295 2
296 4
297 3
298 10
299 9
300 5
301 1
302 3
303 8
304 10
305 8
306 1
307 6
308 3
309 1
310 8
311 9
312 9
313 7
314 10
315 1
316 10
317 6
318 10
319 5
320 4
321 9
322 2
323 10
324 9
325 8
326 2
327 10
328 3
329 10
330 1
331 10
332 9
333 2
334 1
335 7
336 7
337 10
338 7
339 10
340 10
341 7
342 10
343 10
344 1
345 6
346 2
347 7
348 2
349 4
350 4
351 6
352 10
353 1
354 2
355 7
356 4
357 1
358 3
359 6
360 10
361 4
362 7
363 8
364 7
365 1
366 8
367 9
368 3
369 3
370 6
371 9
372 3
373 7
374 7
375 9
376 7
377 3
378 6
379 8
380 5
381 8
382 6
383 3
384 2
385 4
386 4
387 2
388 2
389 4
390 8
391 3
392 10
393 5
394 9
395 10
396 4
397 8
398 4
399 9
400 9
401 4
402 7
403 10
404 9
405 3
406 9
407 9
408 8
409 4
410 2
411 6
412 4
413 4
414 7
415 4
416 4
417 3
418 1
419 2
420 1
421 6
422 8
423 5
424 7
425 7
426 2
427 3
428 7
429 8
430 7
431 8
432 5
433 2
434 1
435 4
436 5
437 4
438 4
439 8
440 4
441 9
442 6
443 1
444 6
445 8
446 10
447 4
448 3
449 1
450 3
451 5
452 5
453 7
454 8
455 2
456 3
457 10
458 2
459 9
460 7
461 10
462 9
463 3
464 9
465 8
466 2
467 9
468 8
469 2
470 5
471 2
472 2
473 5
474 9
475 5
476 9
477 1
478 6
479 9
480 9
481 9
482 6
483 8
484 3
485 2
486 1
487 9
488 5
489 3
490 1
491 10
492 8
493 8
494 1
495 10
496 3
497 2
498 1
499 8
500 7
501 3
502 3
503 4
504 7
505 1
506 2
507 9
508 1
509 5
510 6
511 3
512 10
513 6
514 4
515 3
516 8
517 10
518 3
519 2
520 6
521 9
522 6
523 9
524 4
525 9
526 7
527 5
528 4
529 8
530 9
531 10
532 10
533 1
534 3
535 3
536 1
537 3
538 6
539 6
540 8
541 8
542 10
543 7
544 5
545 5
546 4
547 7
548 5
549 10
550 10
551 7
552 10
553 7
554 2
555 6
556 5
557 1
558 10
559 4
560 1
561 6
562 8
563 8
564 5
565 6
566 5
567 9
568 7
569 2
570 5
571 8
572 9
573 1
574 8
575 8
576 7
577 5
578 6
579 6
580 4
581 6
582 7
583 6
584 2
585 8
586 1
587 7
588 1
589 2
590 5
591 3
592 4
593 5
594 6
595 10
596 7
597 9
598 5
599 4
600 10
601 10
602 4
603 1
604 8
605 7
606 4
607 6
608 10
609 8
610 2
611 5
612 9
613 4
614 7
615 6
616 5
617 10
618 5
619 10
620 4
621 4
622 8
623 5
624 8
625 5
626 2
627 4
628 7
629 1
630 1
631 5
632 5
633 2
634 2
635 4
636 4
637 4
638 10
639 6
640 10
641 4
642 4
643 9
644 8
645 5
646 6
647 3
648 2
649 7
650 5
651 1
652 4
653 9
654 4
655 1
656 9
657 5
658 9
659 10
660 3
661 10
662 1
663 5
664 5
665 1
666 3
667 2
668 10
669 5
670 1
671 5
672 2
673 9
674 1
675 6
676 10
677 1
678 8
679 8
680 9
681 1
682 3
683 10
684 5
685 3
686 4
687 3
688 9
689 5
690 1
691 7
692 10
693 10
694 4
695 9
696 8
697 3
698 4
699 2
700 7
701 5
702 9
703 5
704 9
705 4
706 9
707 2
708 7
709 7
710 1
711 5
712 7
713 5
714 3
715 3
716 10
717 5
718 4
719 7
720 1
721 8
722 1
723 5
724 7
725 9
726 1
727 7
728 4
729 7
730 10
731 4
732 8
733 5
734 9
735 4
736 1
737 2
738 9
739 10
740 4
741 7
742 7
743 2
744 6
745 8
746 9
747 9
748 9
749 2
750 3
751 2
752 7
753 2
754 6
755 2
756 5
757 2
758 10
759 5
760 8
761 10
762 6
763 3
764 7
765 8
766 5
767 5
768 2
769 6
770 3
771 7
772 8
773 8
774 4
775 3
776 9
777 10
778 7
779 4
780 4
781 3
782 9
783 7
784 3
785 2
786 8
787 6
788 3
789 2
790 9
791 10
792 3
793 3
794 9
795 6
796 9
797 3
798 2
799 6
800 3
801 7
802 9
803 7
804 2
805 3
806 2
807 9
808 4
809 5
810 10
811 8
812 10
813 7
814 2
815 8
816 6
817 6
818 2
819 7
820 9
821 9
822 5
823 10
824 2
825 7
826 3
827 3
828 8
829 3
830 1
831 8
832 7
833 5
834 5
835 5
836 6
837 1
838 5
839 8
840 4
841 5
842 4
843 8
844 5
845 6
846 6
847 7
848 4
849 4
850 2
851 2
852 4
853 8
854 9
855 1
856 2
857 7
858 8
859 8
860 1
861 8
862 8
863 2
864 3
865 3
866 1
867 9
868 8
869 5
870 4
871 1
872 3
873 7
874 7
875 10
876 5
877 7
878 6
879 1
880 7
881 9
882 8
883 9
884 9
885 9
886 2
887 7
888 9

# Durations (p)
1 212
2 173
3 219
4 293
5 211
6 156
7 68
8 197
9 226
10 115
11 52
12 251
13 158
14 22
15 266
16 161
17 149
18 202
19 34
20 54
21 105
22 94
23 29
24 195
25 208
26 270
27 237
28 124
29 279
30 96
31 255
32 159
33 147
34 120
35 131
36 81
37 118
38 26
39 104
40 235
41 158
42 53
43 53
44 89
45 167
46 219
47 146
48 75
49 27
50 144
51 86
52 154
53 228
54 52
55 81
56 55
57 217
58 201
59 66
60 278
61 75
62 151
63 150
64 171
65 180
66 139
67 118
68 56
69 153
70 165
71 92
72 38
73 78
74 66
75 60
76 86
77 85
78 253
79 65
80 25
81 243
82 46
83 118
84 63
85 113
86 131
87 37
88 330
89 217
90 141
91 94
92 101
93 180
94 100
95 252
96 26
97 163
98 82
99 138
100 255
101 95
102 194
103 117
104 124
105 231
106 158
107 51
108 51
109 127
110 46
111 46
112 88
113 188
114 113
115 259
116 55
117 206
118 202
119 195
120 97
121 143
122 104
123 149
124 152
125 138
126 196
127 103
128 200
129 91
130 53
131 190
132 463
133 212
134 75
135 148
136 143
137 33
138 141
139 102
140 67
141 36
142 119
143 72
144 98
145 70
146 28
147 364
148 139
149 228
150 158
151 49
152 205
153 56
154 97
155 255
156 124
157 161
158 25
159 100
160 59
161 182
162 63
163 80
164 44
165 236
166 103
167 31
168 98
169 192
170 33
171 320
172 104
173 22
174 187
175 66
176 116
177 198
178 117
179 66
180 50
181 181
182 230
183 130
184 126
185 159
186 101
187 165
188 66
189 21
190 144
191 64
192 173
193 72
194 167
195 30
196 49
197 91
198 145
199 176
200 268
201 23
202 147
203 296
204 118
205 35
206 176
207 261
208 274
209 232
210 181
211 284
212 119
213 206
214 68
215 180
216 52
217 35
218 243
219 203
220 234
221 28
222 44
223 332
224 185
225 174
226 101
227 86
228 67
229 78
230 151
231 70
232 146
233 38
234 192
235 299
236 45
237 268
238 109
239 142
240 157
241 94
242 51
243 90
244 128
245 157
246 120
247 90
248 231
249 133
250 78
251 125
252 188
253 212
254 24
255 51
256 130
257 48
258 138
259 185
260 236
261 92
262 161
263 133
264 73
265 98
266 44
267 141
268 131
269 81
270 60
271 65
272 153
273 210
274 32
275 108
276 305
277 189
278 107
279 67
280 105
281 208
282 204
283 170
284 62
285 103
286 140
287 78
288 92
289 90
290 54
291 268
292 132
293 30
294 210
295 188
296 69
297 112
298 59
299 282
300 231
301 67
302 81
303 99
304 123
305 267
306 298
307 91
308 104
309 102
310 113
311 40
312 34
313 45
314 109
315 113
316 118
317 259
318 151
319 45
320 261
321 47
322 60
323 32
324 31
325 89
326 215
327 255
328 234
329 173
330 116
331 91
332 78
333 52
334 147
335 131
336 23
337 174
338 164
339 155
340 161
341 127
342 50
343 49
344 50
345 37
346 205
347 151
348 123
349 153
350 174
351 127
352 160
353 61
354 95
355 84
356 156
357 162
358 73
359 186
360 164
361 208
362 106
363 31
364 337
365 230
366 244
367 179
368 130
369 37
370 210
371 316
372 51
373 118
374 127
375 81
376 97
377 122
378 88
379 44
380 56
381 111
382 28
383 288
384 45
385 70
386 32
387 167
388 261
389 74
390 32
391 81
392 113
393 199
394 79
395 165
396 321
397 307
398 146
399 29
400 194
401 232
402 104
403 283
404 140
405 42
406 188
407 150
408 24
409 40
410 141
411 46
412 259
413 98
414 31
415 38
416 145
417 113
418 73
419 196
420 40
421 135
422 35
423 38
424 170
425 132
426 167
427 162
428 46
429 300
430 47
431 31
432 30
433 211
434 168
435 133
436 165
437 104
438 99
439 105
440 215
441 115
442 137
443 150
444 175
445 106
446 117
447 28
448 166
449 74
450 230
451 179
452 146
453 166
454 85
455 264
456 31
457 54
458 185
459 74
460 343
461 260
462 192
463 135
464 130
465 72
466 89
467 228
468 271
469 191
470 121
471 96
472 81
473 58
474 53
475 329
476 66
477 171
478 50
479 61
480 220
481 235
482 159
483 302
484 254
485 107
486 145
487 213
488 146
489 78
490 188
491 129
492 34
493 61
494 98
495 247
496 212
497 81
498 92
499 109
500 152
501 27
502 185
503 250
504 116
505 194
506 61
507 44
508 41
509 49
510 228
511 237
512 42
513 59
514 256
515 129
516 144
517 45
518 219
519 154
520 71
521 155
522 21
523 76
524 62
525 106
526 175
527 257
528 174
529 265
530 155
531 233
532 270
533 286
534 111
535 165
536 49
537 201
538 64
539 80
540 50
541 112
542 188
543 199
544 67
545 149
546 107
547 119
548 55
549 89
550 125
551 111
552 57
553 210
554 53
555 106
556 246
557 24
558 153
559 144
560 153
561 34
562 159
563 167
564 191
565 199
566 62
567 47
568 208
569 190
570 51
571 71
572 240
573 73
574 135
575 137
576 252
577 78
578 120
579 139
580 54
581 194
582 49
583 103
584 93
585 152
586 48
587 216
588 67
589 122
590 99
591 35
592 184
593 140
594 209
595 45
596 42
597 127
598 226
599 172
600 193
601 80
602 123
603 143
604 115
605 130
606 185
607 95
608 251
609 154
610 156
611 186
612 127
613 130
614 124
615 162
616 254
617 170
618 209
619 172
620 175
621 139
622 91
623 24
624 29
625 141
626 76
627 31
628 33
629 171
630 185
631 44
632 60
633 69
634 166
635 70
636 75
637 76
638 115
639 145
640 96
641 227
642 110
643 90
644 127
645 180
646 115
647 185
648 137
649 49
650 33
651 131
652 126
653 167
654 193
655 152
656 195
657 252
658 139
659 144
660 150
661 305
662 127
663 213
664 106
665 168
666 162
667 133
668 155
669 233
670 80
671 79
672 158
673 167
674 90
675 67
676 98
677 264
678 24
679 193
680 308
681 148
682 145
683 63
684 235
685 197
686 33
687 92
688 52
689 110
690 43
691 70
692 174
693 78
694 134
695 321
696 105
697 21
698 34
699 103
700 174
701 70
702 179
703 132
704 48
705 172
706 22
707 92
708 181
709 166
710 200
711 240
712 211
713 217
714 166
715 89
716 169
717 346
718 100
719 223
720 276
721 185
722 31
723 32
724 68
725 167
726 159
727 123
728 153
729 247
730 70
731 37
732 108
733 38
734 25
735 284
736 228
737 276
738 50
739 68
740 33
741 111
742 166
743 188
744 154
745 217
746 73
747 163
748 297
749 101
750 186
751 78
752 303
753 189
754 126
755 142
756 144
757 79
758 61
759 173
760 43
761 91
762 85
763 56
764 101
765 92
766 198
767 272
768 112
769 139
770 162
771 75
772 126
773 54
774 78
775 165
776 88
777 104
778 116
779 149
780 158
781 151
782 223
783 47
784 61
785 209
786 119
787 169
788 120
789 78
790 31
791 189
792 133
793 191
794 153
795 68
796 32
797 200
798 210
799 77
800 95
801 159
802 59
803 126
804 115
805 252
806 306
807 62
808 93
809 156
810 35
811 118
812 69
813 76
814 70
815 113
816 213
817 53
818 126
819 118
820 98
821 184
822 101
823 46
824 187
825 229
826 115
827 125
828 51
829 95
830 113
831 116
832 208
833 92
834 204
835 49
836 108
837 131
838 173
839 189
840 241
841 116
842 83
843 98
844 156
845 111
846 340
847 22
848 63
849 106
850 105
851 103
852 238
853 88
854 120
855 315
856 119
857 104
858 58
859 36
860 161
861 26
862 43
863 98
864 81
865 170
866 242
867 34
868 94
869 365
870 80
871 274
872 249
873 224
874 41
875 317
876 187
877 225
878 71
879 142
880 180
881 198
882 150
883 141
884 268
885 108
886 91
887 265
888 60

orderrules
1 153 au000 avant au152
2 153 au001 avant au152
3 153 au002 avant au152
4 226 au003 avant au225
5 63 au004 avant au062
6 63 au005 avant au062
7 257 au006 avant au256
8 308 au007 avant au307
9 158 au008 avant au157
11 24 au010 avant au023
11 27 au010 avant au026
11 34 au010 avant au033
12 30 au011 avant au029
13 39 au012 avant au038
14 40 au013 avant au039
15 33 au014 avant au032
17 25 au016 avant au024
17 32 au016 avant au031
18 36 au017 avant au035
18 38 au017 avant au037
19 23 au018 avant au022
19 26 au018 avant au025
20 31 au019 avant au030
20 35 au019 avant au034
20 37 au019 avant au036
21 28 au020 avant au027
22 29 au021 avant au028
23 153 au022 avant au152
24 226 au023 avant au225
25 63 au024 avant au062
26 63 au025 avant au062
27 63 au026 avant au062
28 63 au027 avant au062
29 257 au028 avant au256
30 158 au029 avant au157
31 52 au030 avant au051
32 45 au031 avant au044
32 60 au031 avant au059
33 42 au032 avant au041
33 49 au032 avant au048
33 53 au032 avant au052
33 54 au032 avant au053
33 99 au032 avant au098
34 41 au033 avant au040
34 51 au033 avant au050
34 59 au033 avant au058
35 57 au034 avant au056
36 43 au035 avant au042
37 46 au036 avant au045
37 48 au036 avant au047
37 56 au036 avant au055
38 47 au037 avant au046
38 50 au037 avant au049
38 58 au037 avant au057
39 44 au038 avant au043
39 55 au038 avant au054
40 580 au039 avant au579
41 226 au040 avant au225
42 226 au041 avant au225
43 63 au042 avant au062
44 257 au043 avant au256
45 631 au044 avant au630
46 62 au045 avant au061
47 61 au046 avant au060
47 65 au046 avant au064
47 76 au046 avant au075
49 69 au048 avant au068
53 66 au052 avant au065
53 74 au052 avant au073
54 73 au053 avant au072
55 71 au054 avant au070
56 67 au055 avant au066
57 72 au056 avant au071
58 887 au057 avant au886
59 68 au058 avant au067
59 70 au058 avant au069
59 240 au058 avant au239
60 64 au059 avant au063
60 75 au059 avant au074
61 153 au060 avant au152
62 153 au061 avant au152
63 78 au062 avant au077
63 79 au062 avant au078
63 80 au062 avant au079
63 81 au062 avant au080
63 82 au062 avant au081
63 83 au062 avant au082
64 158 au063 avant au157
65 158 au064 avant au157
67 90 au066 avant au089
68 88 au067 avant au087
68 92 au067 avant au091
68 95 au067 avant au094
68 96 au067 avant au095
69 91 au068 avant au090
70 86 au069 avant au085
70 98 au069 avant au097
71 84 au070 avant au083
71 93 au070 avant au092
71 94 au070 avant au093
72 87 au071 avant au086
72 97 au071 avant au096
73 85 au072 avant au084
74 872 au073 avant au871
75 77 au074 avant au076
76 89 au075 avant au088
77 153 au076 avant au152
78 101 au077 avant au100
78 109 au077 avant au108
80 111 au079 avant au110
81 112 au080 avant au111
81 116 au080 avant au115
81 320 au080 avant au319
85 102 au084 avant au101
86 117 au085 avant au116
87 103 au086 avant au102
89 115 au088 avant au114
89 162 au088 avant au161
90 104 au089 avant au103
90 105 au089 avant au104
90 106 au089 avant au105
92 113 au091 avant au112
94 100 au093 avant au099
94 110 au093 avant au109
94 114 au093 avant au113
97 107 au096 avant au106
98 99 au097 avant au098
98 108 au097 avant au107
99 153 au098 avant au152
100 436 au099 avant au435
101 158 au100 avant au157
102 551 au101 avant au550
103 128 au102 avant au127
103 129 au102 avant au128
104 124 au103 avant au123
104 125 au103 avant au124
106 120 au105 avant au119
106 127 au105 avant au126
109 119 au108 avant au118
109 131 au108 avant au130
110 118 au109 avant au117
111 121 au110 avant au120
111 130 au110 avant au129
112 122 au111 avant au121
114 379 au113 avant au378
115 123 au114 avant au122
115 422 au114 avant au421
117 126 au116 avant au125
118 153 au117 avant au152
119 226 au118 avant au225
120 458 au119 avant au457
121 158 au120 avant au157
122 141 au121 avant au140
122 143 au121 avant au142
122 806 au121 avant au805
123 133 au122 avant au132
123 138 au122 avant au137
123 142 au122 avant au141
123 145 au122 avant au144
124 151 au123 avant au150
125 134 au124 avant au133
125 150 au124 avant au149
126 132 au125 avant au131
126 136 au125 avant au135
126 139 au125 avant au138
126 152 au125 avant au151
127 148 au126 avant au147
127 149 au126 avant au148
129 137 au128 avant au136
129 147 au128 avant au146
130 146 au129 avant au145
131 135 au130 avant au134
131 140 au130 avant au139
131 144 au130 avant au143
132 153 au131 avant au152
133 226 au132 avant au225
134 744 au133 avant au743
135 630 au134 avant au629
136 308 au135 avant au307
137 158 au136 avant au157
138 158 au137 avant au157
139 168 au138 avant au167
141 155 au140 avant au154
141 161 au140 avant au160
144 154 au143 avant au153
144 164 au143 avant au163
145 156 au144 avant au155
145 159 au144 avant au158
146 163 au145 avant au162
147 162 au146 avant au161
147 166 au146 avant au165
148 160 au147 avant au159
149 157 au148 avant au156
151 167 au150 avant au166
152 165 au151 avant au164
153 169 au152 avant au168
153 170 au152 avant au169
153 171 au152 avant au170
153 172 au152 avant au171
153 173 au152 avant au172
153 174 au152 avant au173
153 187 au152 avant au186
154 226 au153 avant au225
155 630 au154 avant au629
156 436 au155 avant au435
157 436 au156 avant au435
158 175 au157 avant au174
158 176 au157 avant au175
158 177 au157 avant au176
158 178 au157 avant au177
158 179 au157 avant au178
158 180 au157 avant au179
158 186 au157 avant au185
159 181 au158 avant au180
161 390 au160 avant au389
162 184 au161 avant au183
162 185 au161 avant au184
163 182 au162 avant au181
163 183 au162 avant au182
167 188 au166 avant au187
169 191 au168 avant au190
169 193 au168 avant au192
169 201 au168 avant au200
172 199 au171 avant au198
172 208 au171 avant au207
172 209 au171 avant au208
174 197 au173 avant au196
174 557 au173 avant au556
177 401 au176 avant au400
178 200 au177 avant au199
179 206 au178 avant au205
179 207 au178 avant au206
181 189 au180 avant au188
181 194 au180 avant au193
181 302 au180 avant au301
182 190 au181 avant au189
183 196 au182 avant au195
184 192 au183 avant au191
185 195 au184 avant au194
186 527 au185 avant au526
187 198 au186 avant au197
187 202 au186 avant au201
187 203 au186 avant au202
188 204 au187 avant au203
188 205 au187 avant au204
189 226 au188 avant au225
190 308 au189 avant au307
191 631 au190 avant au630
192 631 au191 avant au630
193 614 au192 avant au613
197 220 au196 avant au219
197 223 au196 avant au222
198 210 au197 avant au209
200 215 au199 avant au214
201 213 au200 avant au212
201 219 au200 avant au218
202 217 au201 avant au216
202 221 au201 avant au220
203 225 au202 avant au224
204 224 au203 avant au223
205 216 au204 avant au215
205 222 au204 avant au221
206 212 au205 avant au211
207 214 au206 avant au213
209 211 au208 avant au210
209 218 au208 avant au217
210 226 au209 avant au225
211 308 au210 avant au307
212 436 au211 avant au435
213 230 au212 avant au229
213 231 au212 avant au230
213 232 au212 avant au231
213 238 au212 avant au237
213 247 au212 avant au246
213 521 au212 avant au520
216 240 au215 avant au239
216 243 au215 avant au242
217 242 au216 avant au241
218 244 au217 avant au243
219 227 au218 avant au226
220 234 au219 avant au233
220 236 au219 avant au235
222 229 au221 avant au228
222 233 au221 avant au232
222 235 au221 avant au234
222 237 au221 avant au236
222 239 au221 avant au238
222 241 au221 avant au240
223 246 au222 avant au245
223 248 au222 avant au247
224 843 au223 avant au842
225 228 au224 avant au227
225 245 au224 avant au244
225 337 au224 avant au336
226 249 au225 avant au248
226 250 au225 avant au249
226 251 au225 avant au250
226 252 au225 avant au251
226 253 au225 avant au252
226 254 au225 avant au253
226 255 au225 avant au254
226 256 au225 avant au255
226 386 au225 avant au385
227 257 au226 avant au256
228 728 au227 avant au727
229 631 au228 avant au630
230 261 au229 avant au260
230 267 au229 avant au266
231 258 au230 avant au257
233 270 au232 avant au269
234 263 au233 avant au262
234 269 au233 avant au268
235 792 au234 avant au791
239 262 au238 avant au261
239 265 au238 avant au264
240 259 au239 avant au258
241 266 au240 avant au265
242 264 au241 avant au263
243 271 au242 avant au270
245 629 au244 avant au628
246 458 au245 avant au457
248 260 au247 avant au259
248 268 au247 avant au267
249 744 au248 avant au743
251 282 au250 avant au281
252 278 au251 avant au277
252 284 au251 avant au283
254 279 au253 avant au278
255 283 au254 avant au282
257 272 au256 avant au271
257 273 au256 avant au272
257 274 au256 avant au273
257 275 au256 avant au274
257 276 au256 avant au275
257 285 au256 avant au284
258 458 au257 avant au457
259 287 au258 avant au286
264 288 au263 avant au287
265 286 au264 avant au285
265 583 au264 avant au582
266 280 au265 avant au279
267 361 au266 avant au360
269 281 au268 avant au280
269 289 au268 avant au288
269 400 au268 avant au399
270 277 au269 avant au276
271 319 au270 avant au318
272 436 au271 avant au435
273 458 au272 avant au457
274 294 au273 avant au293
274 299 au273 avant au298
275 290 au274 avant au289
275 291 au274 avant au290
278 301 au277 avant au300
279 511 au278 avant au510
280 296 au279 avant au295
280 305 au279 avant au304
281 300 au280 avant au299
282 293 au281 avant au292
282 295 au281 avant au294
285 297 au284 avant au296
286 302 au285 avant au301
287 292 au286 avant au291
288 303 au287 avant au302
288 306 au287 avant au305
289 298 au288 avant au297
289 304 au288 avant au303
290 308 au289 avant au307
291 458 au290 avant au457
292 631 au291 avant au630
293 319 au292 avant au318
295 310 au294 avant au309
296 313 au295 avant au312
297 311 au296 avant au310
297 322 au296 avant au321
298 309 au297 avant au308
298 314 au297 avant au313
298 318 au297 avant au317
299 770 au298 avant au769
301 312 au300 avant au311
301 321 au300 avant au320
301 460 au300 avant au459
302 315 au301 avant au314
303 645 au302 avant au644
303 884 au302 avant au883
304 320 au303 avant au319
305 316 au304 avant au315
305 317 au304 avant au316
306 307 au305 avant au306
307 744 au306 avant au743
308 324 au307 avant au323
308 325 au307 avant au324
308 326 au307 avant au325
308 327 au307 avant au326
308 328 au307 avant au327
309 332 au308 avant au331
309 338 au308 avant au337
311 323 au310 avant au322
311 330 au310 avant au329
312 331 au311 avant au330
312 336 au311 avant au335
312 752 au311 avant au751
313 333 au312 avant au332
314 329 au313 avant au328
316 339 au315 avant au338
316 341 au315 avant au340
321 568 au320 avant au567
322 334 au321 avant au333
322 335 au321 avant au334
322 337 au321 avant au336
322 340 au321 avant au339
323 744 au322 avant au743
325 352 au324 avant au351
326 346 au325 avant au345
327 342 au326 avant au341
328 347 au327 avant au346
329 458 au328 avant au457
330 344 au329 avant au343
331 348 au330 avant au347
331 788 au330 avant au787
333 343 au332 avant au342
333 351 au332 avant au350
333 357 au332 avant au356
334 349 au333 avant au348
335 353 au334 avant au352
339 345 au338 avant au344
339 355 au338 avant au354
339 356 au338 avant au355
340 350 au339 avant au349
341 354 au340 avant au353
342 458 au341 avant au457
343 358 au342 avant au357
345 366 au344 avant au365
345 372 au344 avant au371
345 374 au344 avant au373
346 377 au345 avant au376
350 360 au349 avant au359
350 363 au349 avant au362
350 367 au349 avant au366
350 369 au349 avant au368
350 370 au349 avant au369
350 375 au349 avant au374
351 364 au350 avant au363
353 359 au352 avant au358
353 715 au352 avant au714
354 365 au353 avant au364
354 376 au353 avant au375
355 371 au354 avant au370
355 373 au354 avant au372
356 361 au355 avant au360
357 362 au356 avant au361
357 368 au356 avant au367
359 614 au358 avant au613
360 386 au359 avant au385
360 390 au359 avant au389
362 380 au361 avant au379
362 383 au361 avant au382
362 391 au361 avant au390
363 379 au362 avant au378
364 378 au363 avant au377
364 393 au363 avant au392
368 382 au367 avant au381
368 384 au367 avant au383
368 385 au367 avant au384
370 387 au369 avant au386
370 389 au369 avant au388
372 687 au371 avant au686
373 396 au372 avant au395
374 381 au373 avant au380
374 392 au373 avant au391
374 394 au373 avant au393
375 395 au374 avant au394
376 388 au375 avant au387
378 630 au377 avant au629
379 549 au378 avant au548
380 402 au379 avant au401
381 414 au380 avant au413
382 408 au381 avant au407
383 399 au382 avant au398
385 412 au384 avant au411
386 397 au385 avant au396
386 413 au385 avant au412
387 410 au386 avant au409
388 406 au387 avant au405
389 400 au388 avant au399
389 411 au388 avant au410
391 398 au390 avant au397
391 404 au390 avant au403
391 405 au390 avant au404
391 409 au390 avant au408
394 401 au393 avant au400
396 403 au395 avant au402
396 407 au395 avant au406
397 728 au396 avant au727
399 423 au398 avant au422
401 421 au400 avant au420
402 417 au401 avant au416
402 420 au401 avant au419
402 430 au401 avant au429
403 415 au402 avant au414
404 428 au403 avant au427
405 419 au404 avant au418
406 427 au405 avant au426
406 434 au405 avant au433
407 425 au406 avant au424
407 431 au406 avant au430
407 433 au406 avant au432
408 418 au407 avant au417
408 643 au407 avant au642
410 432 au409 avant au431
411 814 au410 avant au813
413 426 au412 avant au425
413 429 au412 avant au428
414 416 au413 avant au415
414 422 au413 avant au421
414 424 au413 avant au423
415 744 au414 avant au743
416 630 au415 avant au629
417 436 au416 avant au435
418 436 au417 avant au435
419 614 au418 avant au613
420 441 au419 avant au440
420 443 au419 avant au442
422 442 au421 avant au441
425 438 au424 avant au437
426 446 au425 avant au445
427 448 au426 avant au447
427 452 au426 avant au451
427 453 au426 avant au452
428 444 au427 avant au443
428 450 au427 avant au449
429 439 au428 avant au438
429 447 au428 avant au446
429 451 au428 avant au450
432 435 au431 avant au434
432 440 au431 avant au439
433 437 au432 avant au436
433 445 au432 avant au444
433 449 au432 avant au448
435 744 au434 avant au743
436 454 au435 avant au453
436 455 au435 avant au454
436 456 au435 avant au455
436 457 au435 avant au456
437 458 au436 avant au457
439 462 au438 avant au461
439 470 au438 avant au469
440 465 au439 avant au464
440 704 au439 avant au703
441 460 au440 avant au459
442 464 au441 avant au463
442 466 au441 avant au465
442 469 au441 avant au468
443 472 au442 avant au471
444 463 au443 avant au462
447 459 au446 avant au458
449 468 au448 avant au467
450 461 au449 avant au460
453 467 au452 avant au466
453 471 au452 avant au470
456 493 au455 avant au492
456 827 au455 avant au826
457 485 au456 avant au484
458 474 au457 avant au473
458 475 au457 avant au474
458 476 au457 avant au475
458 477 au457 avant au476
458 478 au457 avant au477
458 479 au457 avant au478
458 480 au457 avant au479
458 481 au457 avant au480
458 486 au457 avant au485
458 492 au457 avant au491
459 851 au458 avant au850
461 494 au460 avant au493
463 482 au462 avant au481
464 483 au463 avant au482
464 489 au463 avant au488
466 490 au465 avant au489
466 495 au465 avant au494
467 488 au466 avant au487
468 484 au467 avant au483
469 487 au468 avant au486
470 473 au469 avant au472
471 491 au470 avant au490
471 605 au470 avant au604
473 549 au472 avant au548
474 498 au473 avant au497
474 503 au473 avant au502
475 504 au474 avant au503
476 502 au475 avant au501
477 505 au476 avant au504
478 501 au477 avant au500
479 496 au478 avant au495
479 506 au478 avant au505
480 511 au479 avant au510
483 500 au482 avant au499
486 507 au485 avant au506
489 499 au488 avant au498
490 512 au489 avant au511
492 510 au491 avant au509
495 497 au494 avant au496
495 508 au494 avant au507
495 509 au494 avant au508
496 549 au495 avant au548
500 521 au499 avant au520
500 527 au499 avant au526
501 599 au500 avant au598
502 522 au501 avant au521
507 516 au506 avant au515
507 518 au506 avant au517
507 520 au506 avant au519
507 525 au506 avant au524
507 526 au506 avant au525
508 523 au507 avant au522
509 514 au508 avant au513
509 517 au508 avant au516
510 519 au509 avant au518
511 513 au510 avant au512
511 524 au510 avant au523
512 515 au511 avant au514
513 630 au512 avant au629
514 534 au513 avant au533
515 536 au514 avant au535
515 542 au514 avant au541
515 543 au514 avant au542
516 528 au515 avant au527
517 538 au516 avant au537
518 529 au517 avant au528
518 531 au517 avant au530
518 548 au517 avant au547
519 547 au518 avant au546
520 541 au519 avant au540
521 532 au520 avant au531
521 533 au520 avant au532
521 878 au520 avant au877
522 530 au521 avant au529
522 537 au521 avant au536
522 540 au521 avant au539
523 546 au522 avant au545
524 544 au523 avant au543
525 535 au524 avant au534
526 539 au525 avant au538
526 545 au525 avant au544
528 549 au527 avant au548
529 549 au528 avant au548
530 614 au529 avant au613
531 550 au530 avant au549
531 563 au530 avant au562
532 555 au531 avant au554
532 557 au531 avant au556
532 560 au531 avant au559
533 559 au532 avant au558
533 772 au532 avant au771
535 562 au534 avant au561
536 552 au535 avant au551
536 558 au535 avant au557
536 566 au535 avant au565
536 629 au535 avant au628
537 554 au536 avant au553
537 561 au536 avant au560
540 556 au539 avant au555
542 567 au541 avant au566
543 564 au542 avant au563
544 568 au543 avant au567
545 551 au544 avant au550
545 553 au544 avant au552
548 565 au547 avant au564
549 569 au548 avant au568
549 570 au548 avant au569
549 571 au548 avant au570
549 572 au548 avant au571
549 573 au548 avant au572
549 574 au548 avant au573
549 575 au548 avant au574
549 576 au548 avant au575
549 577 au548 avant au576
549 588 au548 avant au587
550 590 au549 avant au589
552 578 au551 avant au577
552 857 au551 avant au856
553 580 au552 avant au579
553 584 au552 avant au583
553 587 au552 avant au586
554 581 au553 avant au580
556 588 au555 avant au587
558 582 au557 avant au581
559 586 au558 avant au585
561 583 au560 avant au582
561 585 au560 avant au584
562 589 au561 avant au588
565 591 au564 avant au590
566 579 au565 avant au578
569 598 au568 avant au597
570 592 au569 avant au591
571 593 au570 avant au592
572 600 au571 avant au599
573 857 au572 avant au856
574 602 au573 avant au601
574 606 au573 avant au605
576 595 au575 avant au594
577 604 au576 avant au603
579 601 au578 avant au600
582 607 au581 avant au606
583 599 au582 avant au598
583 603 au582 avant au602
583 610 au582 avant au609
585 605 au584 avant au604
586 594 au585 avant au593
586 608 au585 avant au607
586 609 au585 avant au608
588 596 au587 avant au595
590 597 au589 avant au596
592 614 au591 avant au613
593 614 au592 avant au613
594 611 au593 avant au610
594 615 au593 avant au614
595 622 au594 avant au621
598 625 au597 avant au624
598 678 au597 avant au677
599 619 au598 avant au618
600 612 au599 avant au611
601 613 au600 avant au612
603 623 au602 avant au622
603 626 au602 avant au625
603 627 au602 avant au626
603 709 au602 avant au708
604 629 au603 avant au628
605 621 au604 avant au620
605 628 au604 avant au627
607 617 au606 avant au616
608 620 au607 avant au619
608 624 au607 avant au623
610 616 au609 avant au615
610 618 au609 avant au617
611 630 au610 avant au629
612 728 au611 avant au727
613 631 au612 avant au630
614 632 au613 avant au631
614 633 au613 avant au632
614 634 au613 avant au633
614 635 au613 avant au634
614 636 au613 avant au635
614 637 au613 avant au636
615 652 au614 avant au651
616 647 au615 avant au646
617 641 au616 avant au640
617 653 au616 avant au652
619 639 au618 avant au638
619 644 au618 avant au643
619 648 au618 avant au647
619 650 au618 avant au649
620 646 au619 avant au645
621 638 au620 avant au637
622 642 au621 avant au641
622 643 au621 avant au642
624 645 au623 avant au644
625 640 au624 avant au639
628 649 au627 avant au648
629 651 au628 avant au650
630 656 au629 avant au655
630 657 au629 avant au656
630 658 au629 avant au657
630 659 au629 avant au658
630 660 au629 avant au659
630 661 au629 avant au660
630 662 au629 avant au661
630 663 au629 avant au662
630 664 au629 avant au663
630 665 au629 avant au664
630 666 au629 avant au665
630 667 au629 avant au666
630 668 au629 avant au667
630 669 au629 avant au668
630 686 au629 avant au685
631 670 au630 avant au669
631 671 au630 avant au670
631 672 au630 avant au671
631 673 au630 avant au672
631 674 au630 avant au673
631 675 au630 avant au674
631 676 au630 avant au675
631 677 au630 avant au676
633 655 au632 avant au654
638 832 au637 avant au831
640 654 au639 avant au653
640 679 au639 avant au678
640 684 au639 avant au683
641 681 au640 avant au680
641 685 au640 avant au684
642 687 au641 avant au686
644 678 au643 avant au677
644 682 au643 avant au681
646 683 au645 avant au682
649 680 au648 avant au679
650 688 au649 avant au687
657 698 au656 avant au697
657 704 au656 avant au703
658 693 au657 avant au692
659 689 au658 avant au688
661 707 au660 avant au706
667 706 au666 avant au705
669 694 au668 avant au693
669 701 au668 avant au700
670 691 au669 avant au690
671 705 au670 avant au704
674 692 au673 avant au691
674 696 au673 avant au695
674 697 au673 avant au696
677 695 au676 avant au694
677 702 au676 avant au701
683 700 au682 avant au699
683 703 au682 avant au702
684 699 au683 avant au698
685 690 au684 avant au689
690 728 au689 avant au727
691 720 au690 avant au719
691 723 au690 avant au722
692 715 au691 avant au714
695 710 au694 avant au709
695 713 au694 avant au712
695 874 au694 avant au873
696 716 au695 avant au715
696 879 au695 avant au878
697 721 au696 avant au720
698 724 au697 avant au723
699 714 au698 avant au713
699 718 au698 avant au717
700 719 au699 avant au718
700 726 au699 avant au725
701 725 au700 avant au724
703 711 au702 avant au710
704 717 au703 avant au716
705 708 au704 avant au707
705 712 au704 avant au711
705 722 au704 avant au721
707 709 au706 avant au708
708 728 au707 avant au727
709 743 au708 avant au742
710 729 au709 avant au728
710 740 au709 avant au739
713 741 au712 avant au740
714 727 au713 avant au726
715 730 au714 avant au729
715 733 au714 avant au732
715 739 au714 avant au738
716 735 au715 avant au734
716 737 au715 avant au736
722 731 au721 avant au730
723 732 au722 avant au731
723 736 au722 avant au735
723 738 au722 avant au737
726 734 au725 avant au733
726 742 au725 avant au741
727 744 au726 avant au743
728 745 au727 avant au744
728 746 au727 avant au745
728 747 au727 avant au746
728 748 au727 avant au747
728 758 au727 avant au757
728 762 au727 avant au761
731 752 au730 avant au751
732 750 au731 avant au749
734 751 au733 avant au750
734 754 au733 avant au753
734 755 au733 avant au754
734 760 au733 avant au759
735 756 au734 avant au755
737 749 au736 avant au748
737 757 au736 avant au756
738 753 au737 avant au752
739 759 au738 avant au758
742 761 au741 avant au760
744 763 au743 avant au762
744 764 au743 avant au763
744 765 au743 avant au764
744 766 au743 avant au765
744 767 au743 avant au766
744 768 au743 avant au767
744 769 au743 avant au768
745 775 au744 avant au774
746 773 au745 avant au772
748 777 au747 avant au776
748 779 au747 avant au778
749 772 au748 avant au771
753 774 au752 avant au773
756 778 au755 avant au777
756 780 au755 avant au779
758 770 au757 avant au769
758 776 au757 avant au775
760 771 au759 avant au770
763 788 au762 avant au787
767 787 au766 avant au786
767 794 au766 avant au793
768 790 au767 avant au789
769 781 au768 avant au780
770 789 au769 avant au788
770 791 au769 avant au790
770 796 au769 avant au795
771 785 au770 avant au784
773 782 au772 avant au781
773 784 au772 avant au783
774 783 au773 avant au782
774 795 au773 avant au794
775 786 au774 avant au785
778 792 au777 avant au791
779 797 au778 avant au796
779 798 au778 avant au797
780 793 au779 avant au792
780 796 au779 avant au795
781 802 au780 avant au801
781 807 au780 avant au806
786 809 au785 avant au808
787 808 au786 avant au807
789 803 au788 avant au802
789 805 au788 avant au804
792 806 au791 avant au805
793 801 au792 avant au800
794 804 au793 avant au803
798 799 au797 avant au798
798 800 au797 avant au799
799 813 au798 avant au812
800 810 au799 avant au809
801 811 au800 avant au810
802 814 au801 avant au813
803 818 au802 avant au817
805 812 au804 avant au811
807 815 au806 avant au814
807 817 au806 avant au816
808 816 au807 avant au815
810 820 au809 avant au819
810 821 au809 avant au820
810 823 au809 avant au822
811 824 au810 avant au823
811 830 au810 avant au829
812 826 au811 avant au825
812 831 au811 avant au830
812 836 au811 avant au835
812 837 au811 avant au836
812 839 au811 avant au838
813 825 au812 avant au824
814 828 au813 avant au827
815 819 au814 avant au818
815 829 au814 avant au828
816 822 au815 avant au821
816 834 au815 avant au833
817 827 au816 avant au826
817 838 au816 avant au837
817 840 au816 avant au839
818 832 au817 avant au831
818 833 au817 avant au832
818 835 au817 avant au834
821 849 au820 avant au848
822 854 au821 avant au853
823 846 au822 avant au845
826 843 au825 avant au842
827 845 au826 avant au844
828 841 au827 avant au840
832 844 au831 avant au843
832 848 au831 avant au847
833 852 au832 avant au851
834 847 au833 avant au846
834 850 au833 avant au849
835 842 au834 avant au841
838 853 au837 avant au852
840 851 au839 avant au850
842 865 au841 avant au864
844 855 au843 avant au854
844 867 au843 avant au866
845 858 au844 avant au857
845 869 au844 avant au868
847 863 au846 avant au862
848 861 au847 avant au860
848 871 au847 avant au870
849 868 au848 avant au867
850 857 au849 avant au856
850 860 au849 avant au859
850 866 au849 avant au865
850 872 au849 avant au871
852 862 au851 avant au861
852 864 au851 avant au863
852 873 au851 avant au872
852 874 au851 avant au873
853 859 au852 avant au858
854 856 au853 avant au855
854 870 au853 avant au869
855 881 au854 avant au880
857 888 au856 avant au887
859 876 au858 avant au875
859 885 au858 avant au884
859 887 au858 avant au886
862 883 au861 avant au882
863 879 au862 avant au878
864 886 au863 avant au885
866 884 au865 avant au883
868 880 au867 avant au879
869 882 au868 avant au881
870 877 au869 avant au876
871 875 au870 avant au874
872 878 au871 avant au877
