# Components (V)
1 2 3 4 5 6 7 8 9 10 11 12 13 14 15 16 17 18 19 20

# Precedence arcs (E)
1 11
2 11
3 11
4 8
5 9
6 7
6 10
7 11
8 13
9 12
11 14
11 15
11 16
11 17
13 18
17 19
17 20

# Target components (T)
19 16 10

# Revenues (r)
1 27
2 26
3 26
4 25
5 21
6 30
7 27
8 23
9 24
10 26
11 27
12 28
13 29
14 21
15 29
16 23
17 30
18 26
19 22
20 23

# Costs (c)
1 1
2 6
3 1
4 8
5 3
6 6
7 9
8 7
9 7
10 10
11 7
12 1
13 1
14 1
15 1
16 10
17 2
18 9
19 1
20 8

# Durations (p)
1 231
2 166
3 129
4 174
5 160
6 202
7 427
8 243
9 23
10 114
11 246
12 337
13 647
14 79
15 220
16 377
17 268
18 171
19 259
20 91

orderrules
1 11 au000 avant au010
2 11 au001 avant au010
3 11 au002 avant au010
4 8 au003 avant au007
5 9 au004 avant au008
6 7 au005 avant au006
6 10 au005 avant au009
7 11 au006 avant au010
8 13 au007 avant au012
9 12 au008 avant au011
11 14 au010 avant au013
11 15 au010 avant au014
11 16 au010 avant au015
11 17 au010 avant au016
13 18 au012 avant au017
17 19 au016 avant au018
17 20 au016 avant au019
