# Components (V)
1 2 3 4 5 6 7 8 9 10 11 12 13 14 15 16 17 18 19 20 21 22 23 24 25

# Precedence arcs (E)
1 3
2 3
3 4
4 5
4 8
5 6
6 7
6 10
7 11
7 12
8 9
8 11
9 13
9 10
11 13
12 15
13 14
14 16
14 19
14 20
15 17
15 22
16 18
17 18
17 23
18 25
19 22
20 21
20 25
21 22
21 24
23 25

# Target components (T)
24 25 22

# Revenues (r)
1 25
2 10
3 21
4 28
5 28
6 21
7 24
8 25
9 26
10 7
11 20
12 7
13 30
14 5
15 23
16 9
17 25
18 30
19 5
20 9
21 20
22 21
23 27
24 24
25 28

# Costs (c)
1 1
2 9
3 3
4 1
5 3
6 2
7 2
8 3
9 9
10 8
11 10
12 3
13 9
14 3
15 6
16 3
17 5
18 9
19 6
20 7
21 1
22 8
23 7
24 10
25 2

# Durations (p)
1 4
2 3
3 9
4 5
5 9
6 4
7 8
8 7
9 5
10 1
11 3
12 1
13 5
14 3
15 5
16 3
17 13
18 5
19 2
20 3
21 7
22 5
23 3
24 8
25 4

orderrules
1 3 au000 avant au002
2 3 au001 avant au002
3 4 au002 avant au003
4 5 au003 avant au004
4 8 au003 avant au007
5 6 au004 avant au005
6 7 au005 avant au006
6 10 au005 avant au009
7 11 au006 avant au010
7 12 au006 avant au011
8 9 au007 avant au008
8 11 au007 avant au010
9 13 au008 avant au012
9 10 au008 avant au009
11 13 au010 avant au012
12 15 au011 avant au014
13 14 au012 avant au013
14 16 au013 avant au015
14 19 au013 avant au018
14 20 au013 avant au019
15 17 au014 avant au016
15 22 au014 avant au021
16 18 au015 avant au017
17 18 au016 avant au017
17 23 au016 avant au022
18 25 au017 avant au024
19 22 au018 avant au021
20 21 au019 avant au020
20 25 au019 avant au024
21 22 au020 avant au021
21 24 au020 avant au023
23 25 au022 avant au024
