# Components (V)
1 2 3 4 5 6 7 8 9 10 11 12 13 14 15 16 17 18 19 20 21 22 23 24 25 26 27 28 29 30 31 32 33 34 35 36 37 38 39 40 41 42 43 44 45 46 47 48 49 50 51 52 53 54 55 56 57 58 59 60 61 62 63 64 65 66 67 68 69 70 71 72 73 74 75 76 77 78 79 80 81 82 83 84 85 86 87 88 89 90 91 92 93 94

# Precedence arcs (E)
1 2
1 3
1 4
1 5
1 6
1 7
1 8
1 9
1 10
2 11
2 17
3 12
4 11
4 16
5 11
5 13
5 18
5 16
6 11
6 15
6 13
6 19
7 42
8 29
9 11
10 19
10 37
10 48
10 50
11 14
12 20
12 61
12 52
13 82
14 25
14 23
14 30
14 31
14 24
14 32
14 22
14 21
14 26
14 28
14 27
14 29
15 81
16 75
17 82
18 75
19 75
20 78
21 71
21 60
21 53
21 39
21 40
21 41
22 38
22 72
22 49
22 58
23 34
23 35
24 37
24 44
25 57
25 63
25 33
25 73
25 60
25 65
25 56
26 41
26 43
27 62
27 58
27 54
27 55
27 56
28 33
28 35
28 40
28 43
28 49
28 51
28 52
28 54
29 75
30 59
30 42
30 36
31 74
32 36
32 47
32 44
32 60
32 45
32 69
32 46
32 48
32 50
33 78
34 78
35 78
36 82
37 61
37 73
37 64
37 66
37 67
37 68
37 69
37 70
37 71
37 72
37 62
38 82
39 82
40 78
41 78
42 74
43 78
44 75
45 75
46 75
46 76
47 75
48 75
49 78
50 75
51 78
52 78
53 76
53 77
54 78
55 77
56 77
57 76
57 77
58 77
59 82
60 77
61 77
62 77
63 77
64 74
65 74
66 75
66 76
67 74
68 82
69 77
69 75
70 77
70 76
71 76
72 76
73 77
74 82
75 82
76 82
77 78
78 79
78 80
79 81
80 81
81 82
82 83
83 84
83 85
84 86
85 86
86 87
87 88
88 89
88 90
89 92
90 91
90 93
92 94

# Target components (T)
93

# Revenues (r)
1 30
2 29
3 29
4 27
5 24
6 23
7 29
8 24
9 27
10 28
11 28
12 24
13 28
14 28
15 26
16 24
17 30
18 28
19 26
20 27
21 20
22 28
23 20
24 27
25 23
26 26
27 20
28 28
29 26
30 24
31 21
32 29
33 23
34 29
35 26
36 30
37 24
38 22
39 28
40 26
41 29
42 22
43 23
44 24
45 27
46 24
47 29
48 30
49 20
50 28
51 24
52 24
53 30
54 27
55 26
56 28
57 29
58 29
59 24
60 28
61 29
62 30
63 29
64 25
65 28
66 28
67 28
68 22
69 22
70 27
71 23
72 27
73 25
74 23
75 27
76 26
77 25
78 20
79 21
80 26
81 29
82 24
83 28
84 22
85 22
86 30
87 20
88 24
89 20
90 22
91 20
92 30
93 23
94 21

# Costs (c)
1 5
2 6
3 2
4 5
5 1
6 4
7 3
8 8
9 4
10 1
11 4
12 4
13 7
14 4
15 5
16 1
17 3
18 8
19 9
20 3
21 10
22 3
23 8
24 1
25 1
26 7
27 4
28 7
29 10
30 6
31 4
32 9
33 3
34 10
35 3
36 6
37 1
38 3
39 7
40 7
41 4
42 1
43 4
44 4
45 2
46 3
47 9
48 8
49 5
50 7
51 3
52 5
53 8
54 10
55 6
56 1
57 10
58 5
59 10
60 8
61 3
62 6
63 5
64 3
65 1
66 3
67 9
68 8
69 3
70 6
71 6
72 4
73 10
74 2
75 7
76 9
77 7
78 3
79 2
80 8
81 9
82 3
83 8
84 9
85 8
86 2
87 1
88 2
89 9
90 2
91 3
92 5
93 4
94 6

# Durations (p)
1 158
2 42
3 17
4 24
5 71
6 66
7 50
8 55
9 30
10 28
11 113
12 114
13 57
14 65
15 15
16 11
17 10
18 19
19 8
20 17
21 57
22 40
23 17
24 11
25 17
26 27
27 17
28 18
29 16
30 18
31 50
32 18
33 13
34 21
35 63
36 8
37 63
38 9
39 20
40 72
41 30
42 69
43 27
44 9
45 41
46 38
47 76
48 31
49 11
50 29
51 48
52 8
53 171
54 48
55 43
56 18
57 94
58 9
59 19
60 24
61 8
62 34
63 62
64 12
65 8
66 47
67 27
68 18
69 52
70 65
71 72
72 51
73 58
74 53
75 76
76 93
77 86
78 76
79 9
80 14
81 55
82 32
83 22
84 35
85 63
86 59
87 149
88 40
89 24
90 123
91 25
92 115
93 103
94 54

orderrules
1 2 au000 avant au001
1 3 au000 avant au002
1 4 au000 avant au003
1 5 au000 avant au004
1 6 au000 avant au005
1 7 au000 avant au006
1 8 au000 avant au007
1 9 au000 avant au008
1 10 au000 avant au009
2 11 au001 avant au010
2 17 au001 avant au016
3 12 au002 avant au011
4 11 au003 avant au010
4 16 au003 avant au015
5 11 au004 avant au010
5 13 au004 avant au012
5 18 au004 avant au017
5 16 au004 avant au015
6 11 au005 avant au010
6 15 au005 avant au014
6 13 au005 avant au012
6 19 au005 avant au018
7 42 au006 avant au041
8 29 au007 avant au028
9 11 au008 avant au010
10 19 au009 avant au018
10 37 au009 avant au036
10 48 au009 avant au047
10 50 au009 avant au049
11 14 au010 avant au013
12 20 au011 avant au019
12 61 au011 avant au060
12 52 au011 avant au051
13 82 au012 avant au081
14 25 au013 avant au024
14 23 au013 avant au022
14 30 au013 avant au029
14 31 au013 avant au030
14 24 au013 avant au023
14 32 au013 avant au031
14 22 au013 avant au021
14 21 au013 avant au020
14 26 au013 avant au025
14 28 au013 avant au027
14 27 au013 avant au026
14 29 au013 avant au028
15 81 au014 avant au080
16 75 au015 avant au074
17 82 au016 avant au081
18 75 au017 avant au074
19 75 au018 avant au074
20 78 au019 avant au077
21 71 au020 avant au070
21 60 au020 avant au059
21 53 au020 avant au052
21 39 au020 avant au038
21 40 au020 avant au039
21 41 au020 avant au040
22 38 au021 avant au037
22 72 au021 avant au071
22 49 au021 avant au048
22 58 au021 avant au057
23 34 au022 avant au033
23 35 au022 avant au034
24 37 au023 avant au036
24 44 au023 avant au043
25 57 au024 avant au056
25 63 au024 avant au062
25 33 au024 avant au032
25 73 au024 avant au072
25 60 au024 avant au059
25 65 au024 avant au064
25 56 au024 avant au055
26 41 au025 avant au040
26 43 au025 avant au042
27 62 au026 avant au061
27 58 au026 avant au057
27 54 au026 avant au053
27 55 au026 avant au054
27 56 au026 avant au055
28 33 au027 avant au032
28 35 au027 avant au034
28 40 au027 avant au039
28 43 au027 avant au042
28 49 au027 avant au048
28 51 au027 avant au050
28 52 au027 avant au051
28 54 au027 avant au053
29 75 au028 avant au074
30 59 au029 avant au058
30 42 au029 avant au041
30 36 au029 avant au035
31 74 au030 avant au073
32 36 au031 avant au035
32 47 au031 avant au046
32 44 au031 avant au043
32 60 au031 avant au059
32 45 au031 avant au044
32 69 au031 avant au068
32 46 au031 avant au045
32 48 au031 avant au047
32 50 au031 avant au049
33 78 au032 avant au077
34 78 au033 avant au077
35 78 au034 avant au077
36 82 au035 avant au081
37 61 au036 avant au060
37 73 au036 avant au072
37 64 au036 avant au063
37 66 au036 avant au065
37 67 au036 avant au066
37 68 au036 avant au067
37 69 au036 avant au068
37 70 au036 avant au069
37 71 au036 avant au070
37 72 au036 avant au071
37 62 au036 avant au061
38 82 au037 avant au081
39 82 au038 avant au081
40 78 au039 avant au077
41 78 au040 avant au077
42 74 au041 avant au073
43 78 au042 avant au077
44 75 au043 avant au074
45 75 au044 avant au074
46 75 au045 avant au074
46 76 au045 avant au075
47 75 au046 avant au074
48 75 au047 avant au074
49 78 au048 avant au077
50 75 au049 avant au074
51 78 au050 avant au077
52 78 au051 avant au077
53 76 au052 avant au075
53 77 au052 avant au076
54 78 au053 avant au077
55 77 au054 avant au076
56 77 au055 avant au076
57 76 au056 avant au075
57 77 au056 avant au076
58 77 au057 avant au076
59 82 au058 avant au081
60 77 au059 avant au076
61 77 au060 avant au076
62 77 au061 avant au076
63 77 au062 avant au076
64 74 au063 avant au073
65 74 au064 avant au073
66 75 au065 avant au074
66 76 au065 avant au075
67 74 au066 avant au073
68 82 au067 avant au081
69 77 au068 avant au076
69 75 au068 avant au074
70 77 au069 avant au076
70 76 au069 avant au075
71 76 au070 avant au075
72 76 au071 avant au075
73 77 au072 avant au076
74 82 au073 avant au081
75 82 au074 avant au081
76 82 au075 avant au081
77 78 au076 avant au077
78 79 au077 avant au078
78 80 au077 avant au079
79 81 au078 avant au080
80 81 au079 avant au080
81 82 au080 avant au081
82 83 au081 avant au082
83 84 au082 avant au083
83 85 au082 avant au084
84 86 au083 avant au085
85 86 au084 avant au085
86 87 au085 avant au086
87 88 au086 avant au087
88 89 au087 avant au088
88 90 au087 avant au089
89 92 au088 avant au091
90 91 au089 avant au090
90 93 au089 avant au092
92 94 au091 avant au093
