# Components (V)
1 2 3 4 5 6 7 8 9 10 11 12 13 14 15 16 17 18 19 20 21 22 23 24 25 26 27 28 29 30

# Precedence arcs (E)
1 4
1 5
2 11
2 12
3 16
3 17
4 7
5 6
6 7
7 8
8 9
9 26
10 24
12 13
13 14
14 15
14 20
15 22
16 20
17 18
18 19
20 21
20 24
21 22
22 23
23 27
24 25
25 26
26 27
27 28
27 29
29 30

# Target components (T)
19

# Revenues (r)
1 27
2 29
3 28
4 20
5 13
6 30
7 25
8 24
9 10
10 20
11 24
12 20
13 26
14 26
15 30
16 26
17 12
18 22
19 29
20 30
21 25
22 25
23 25
24 23
25 29
26 27
27 25
28 22
29 24
30 7

# Costs (c)
1 6
2 8
3 6
4 9
5 8
6 5
7 9
8 7
9 5
10 1
11 8
12 7
13 1
14 9
15 9
16 5
17 5
18 10
19 5
20 6
21 8
22 2
23 7
24 1
25 4
26 7
27 8
28 2
29 6
30 6

# Durations (p)
1 8
2 7
3 19
4 10
5 2
6 6
7 14
8 10
9 1
10 4
11 14
12 15
13 5
14 12
15 9
16 10
17 2
18 10
19 18
20 16
21 21
22 14
23 16
24 7
25 17
26 9
27 25
28 7
29 14
30 2

orderrules
1 4 au000 avant au003
1 5 au000 avant au004
2 11 au001 avant au010
2 12 au001 avant au011
3 16 au002 avant au015
3 17 au002 avant au016
4 7 au003 avant au006
5 6 au004 avant au005
6 7 au005 avant au006
7 8 au006 avant au007
8 9 au007 avant au008
9 26 au008 avant au025
10 24 au009 avant au023
12 13 au011 avant au012
13 14 au012 avant au013
14 15 au013 avant au014
14 20 au013 avant au019
15 22 au014 avant au021
16 20 au015 avant au019
17 18 au016 avant au017
18 19 au017 avant au018
20 21 au019 avant au020
20 24 au019 avant au023
21 22 au020 avant au021
22 23 au021 avant au022
23 27 au022 avant au026
24 25 au023 avant au024
25 26 au024 avant au025
26 27 au025 avant au026
27 28 au026 avant au027
27 29 au026 avant au028
29 30 au028 avant au029
